192
13340 1875 5
2615 6762 409
14828 3242 358
11031 11031 49
6154 6154 334
13698 766 358
8390 6837 358
3136 3626 358
6541 9639 358
3830 5306 445
3959 4620 358
13691 13691 334
5412 790 267
3408 2194 5
1250 1250 334
288 288 256
936 936 334
10002 10002 334
14504 14504 49
10051 559 358
8952 8952 334
8347 191 358
5693 5693 256
2005 5554 358
12420 12420 334
6140 6140 334
2767 12897 358
5286 2084 358
12823 1120 445
3044 3044 334
6238 6238 334
13760 13760 256
2269 12701 409
11712 3006 5
7446 7446 49
12932 12284 358
11477 4404 358
5853 7357 158
13929 13929 334
10344 8906 409
7651 7651 413
10636 10636 334
12235 12235 334
6989 2178 358
12983 9433 358
988 9456 367
13427 13427 334
9591 3999 358
4695 2429 445
6285 69 445
6555 5573 5
1794 3743 413
10040 8879 358
5743 5032 5
3818 12085 358
7446 7446 256
520 520 455
1485 5675 358
7578 7578 334
5514 10235 409
13713 7405 358
9456 988 367
489 5399 413
2575 4634 358
696 696 334
12838 12838 256
4301 4301 334
11477 10607 358
406 5032 5
12134 2633 358
2801 2801 455
68 10727 358
3216 9904 267
8157 8157 256
3271 3271 256
260 7545 358
7357 5853 158
12716 494 401
4233 4233 49
13927 13927 334
3078 3078 334
11722 11722 334
2293 13690 5
2542 2542 334
3115 332 445
998 10189 409
13760 13760 49
8028 14053 401
10911 6308 409
12150 14007 409
14351 11837 358
9548 9548 334
12972 12972 334
14036 11303 358
164 164 334
7936 701 358
12478 12478 334
4664 4664 334
13698 6638 358
3279 3279 413
14105 14105 334
10904 10904 334
13012 5761 413
7282 11291 409
12280 12280 334
6373 6950 358
1179 9098 358
8944 3396 358
1770 11051 445
5332 11250 401
9743 9743 49
5716 5716 334
1217 7278 158
67 2518 401
135 8791 358
14587 14587 334
7261 9311 5
7096 7983 5
14602 14602 334
1653 4252 158
5332 664 158
12964 10020 358
8218 2312 413
11629 11629 334
664 5332 158
11051 7642 358
12843 12843 49
7315 7315 49
6012 6436 5
13514 5720 409
1474 4108 158
2817 2817 256
7093 7093 256
8449 5384 358
13762 11922 5
11496 5241 358
2449 2449 334
6421 6421 334
10497 11402 5
8458 8458 334
288 288 49
3670 13297 358
7389 12026 358
13691 5608 358
13065 13065 256
13230 13230 334
12295 911 5
14030 7834 445
14393 10099 358
6913 9441 358
428 9868 358
9168 9168 334
249 249 334
10057 10057 334
9210 11648 5
11085 11085 49
14379 13211 5
12371 3202 358
8753 8753 334
3537 4039 358
7093 7093 49
502 5004 358
6421 4767 358
2538 2538 334
1140 2366 358
1135 108 5
5120 2650 445
2817 2817 49
10437 10437 413
8738 8738 334
10925 10925 413
11031 11031 256
11045 11045 334
13698 4582 358
5693 5693 49
18 8539 445
5728 1216 5
9743 9743 256
9035 9035 334
4548 4548 413
3572 13021 5
7272 11051 445
6425 6425 256
1055 8210 358
2734 1123 445
8314 5874 358
747 5231 358
3334 3334 334
2286 12360 413
14035 14662 358
7915 7915 334
4430 4430 334
