1293
11788 7345 473
4899 2215 406
4899 2236 406
2434 1268 240
6770 11827 238
14876 4331 28
10103 10047 426
5033 6207 290
4140 13870 406
5737 9929 28
900 6057 406
12796 4676 141
9347 5425 149
13332 12557 180
357 9916 85
357 13857 85
357 250 85
6533 10321 473
9374 13089 181
6678 10044 238
8156 7534 85
8156 313 85
8156 3515 85
12198 7112 240
7386 11424 181
10691 13618 11
8386 9803 28
5470 1855 28
10436 14059 406
10436 11272 406
3275 562 406
2625 5774 240
775 9101 240
10464 9303 448
10464 9360 448
10464 5243 448
11496 14517 0
1006 9987 406
394 7484 28
544 14564 2
6452 6446 472
5948 3621 240
2100 11058 406
4140 6770 406
4140 5270 406
14818 12155 29
14818 1179 29
14818 2647 29
14818 5341 29
2433 6149 406
11071 10693 129
900 14274 406
7216 2020 406
2050 6366 440
13712 13345 473
7255 14654 28
6884 9414 28
2892 10759 406
7257 1616 28
6533 8692 473
9445 6742 181
10601 12791 406
13766 354 426
4354 2102 149
7743 4241 28
1651 6018 406
3027 7481 240
7386 722 181
11 2072 28
9253 6842 240
8934 11869 448
8934 7774 448
5753 12130 180
14727 10767 28
5215 10420 181
10436 5831 406
12644 7345 406
13056 7948 28
9181 12681 406
11496 7439 0
11496 4864 0
13791 8403 440
3447 3965 396
9482 6388 473
10922 2184 88
4637 5926 28
1000 10613 181
13012 9972 290
13012 14191 290
10804 7713 406
4598 8374 28
14713 8085 181
8275 1259 28
14818 379 29
14818 8820 29
14818 14222 29
14818 2945 29
900 12615 406
9347 13761 149
2897 12369 406
3058 7532 28
6533 14162 473
7931 5080 406
9628 1277 181
3504 1738 181
1696 730 406
8156 854 85
11109 1295 28
4863 8168 125
8748 9043 474
7386 3060 181
12292 8567 426
8934 13874 448
532 13449 28
12687 11814 28
4726 1754 28
14637 14503 181
3275 10683 406
763 5051 28
10464 1287 448
10430 13575 28
8944 1706 0
1681 11531 28
13548 14565 406
10774 5831 352
8398 1076 28
12838 7468 28
13012 13869 290
7738 10588 473
10804 7397 406
10804 10995 406
2933 6122 240
3004 3124 473
11468 571 474
1380 4774 474
14818 10855 29
14818 5329 29
14003 95 261
11071 10752 129
7216 12952 406
9195 14787 88
2485 442 28
3667 11209 28
357 2406 85
12251 3828 406
1428 4802 406
10601 12551 406
3398 431 426
7635 2138 88
9243 997 28
9608 12918 28
6629 11818 88
310 2680 125
9174 4094 406
9174 8138 406
12011 2293 181
12011 971 181
4863 2528 125
8905 7640 473
10100 2518 240
10100 8583 240
4883 11307 396
10464 11830 448
3920 14000 406
13548 11123 406
11864 7594 28
12231 10106 181
4637 1806 28
1000 2036 181
4899 4657 406
6452 2530 472
7798 9067 240
13012 12427 290
4667 8854 28
14818 7099 29
14818 9156 29
14818 10858 29
11071 2430 129
13444 8603 28
7216 6256 406
7216 7377 406
7216 14665 406
12360 6228 406
7019 3828 28
13332 1624 180
2515 9986 28
13841 13310 181
3667 3037 28
357 12701 85
357 12868 85
357 13685 85
5437 14042 352
5959 1780 238
6533 13290 473
6533 13741 473
5047 9939 129
6988 1384 141
1428 7037 406
4354 12006 473
1696 173 406
8156 14071 85
6158 5256 474
7743 12098 28
10373 12455 240
14368 1520 473
1507 1928 28
3689 5698 474
7386 5252 181
11 10560 28
2870 9789 28
14421 7307 238
13131 4904 28
1789 8667 181
3099 195 28
10085 8537 85
9088 8710 181
11589 700 240
1405 13464 240
1000 7105 181
8894 12123 28
4826 5681 28
158 1076 406
10103 9022 426
11468 2995 474
8322 5837 240
14818 13472 29
14818 11835 29
1698 8447 240
7216 7390 406
9290 1795 240
3553 12573 406
2897 13854 406
3076 10190 473
11755 6869 240
8610 12025 28
6884 14452 28
5331 9986 28
11964 740 28
3364 4615 28
3364 2020 28
4874 11933 406
10601 2389 406
5761 5826 290
9825 988 28
8156 7019 85
8156 2395 85
8156 5693 85
8156 11101 85
8156 1493 85
13998 9326 240
1878 10357 472
2274 13608 352
10815 4780 88
10612 2740 240
7201 8235 181
14802 8067 240
10472 14498 240
5766 9296 181
13056 3588 28
10464 790 448
10430 8134 28
4971 9903 406
3447 13668 396
12730 9283 440
4899 9193 406
3382 14669 28
14696 540 149
3004 444 473
9590 4841 473
2936 11646 474
2022 1754 28
14818 12586 29
14818 1467 29
13220 12164 28
1530 6748 406
7216 3147 406
7216 3592 406
7216 9679 406
9347 678 149
10695 12817 240
9593 13744 240
10258 1849 426
7762 1878 88
14612 3748 28
2118 147 28
6533 7742 473
9628 7190 181
9851 12601 141
8156 1688 85
8156 10243 85
8156 11525 85
8156 8077 85
8156 4273 85
13834 7151 240
70 3777 473
310 2644 125
8214 9397 406
3849 5984 28
4883 3965 396
11291 7208 261
3649 1490 28
5215 4238 181
9704 924 406
2766 10747 28
3275 115 406
5939 7728 28
2137 4179 11
2351 5251 28
6599 4498 28
9181 590 406
11496 4330 0
11496 9717 0
11496 14582 0
11496 12173 0
13574 3311 28
4637 8990 28
5613 3509 238
4899 9445 406
4899 7138 406
4899 5197 406
4826 8356 28
11040 9909 181
14696 7174 149
13426 7694 28
9590 1477 473
1941 11589 474
952 9534 238
14750 6388 406
14003 2962 261
11905 837 181
7216 11412 406
7216 11764 406
7216 10251 406
9593 11814 240
4943 5885 473
3667 1556 28
357 4386 85
5074 11880 473
4874 1579 406
6533 5090 473
6533 5781 473
12251 998 406
3870 12440 240
10601 11432 406
3504 3266 181
7475 1450 473
8156 11069 85
10411 5538 28
5968 13763 2
10373 8685 240
9174 7276 406
9996 10981 85
3027 4014 240
4863 10214 125
433 13939 11
8538 4749 28
3363 6862 473
13853 10752 238
10887 6588 28
2760 1657 28
10430 10018 28
6225 8778 28
11496 5088 0
11496 3003 0
13574 9588 28
3105 12660 181
9807 9416 448
4637 10748 28
5617 2962 28
13882 255 28
14645 14635 240
2615 3867 181
5827 4194 426
14555 195 28
4231 4505 28
4140 3557 406
14818 11732 29
14818 1989 29
14818 1318 29
14818 8675 29
2433 4528 406
2 77 240
5737 556 28
7747 9962 28
12360 10069 406
6533 10823 473
4909 2661 240
11763 7005 28
11763 10596 28
571 6580 240
2577 7751 238
8156 7607 85
13235 9206 290
12831 8423 88
11595 646 261
9996 2053 85
9996 14192 85
9996 6479 85
12643 3352 473
433 1960 11
433 7432 11
8934 3102 448
14523 6153 181
14749 14823 28
5753 13896 180
10830 1334 88
5901 3718 28
3275 3431 406
2760 2764 28
8903 2787 85
11496 2958 0
11496 11532 0
11496 13003 0
11086 6934 181
11589 4367 240
5698 13743 240
4899 6210 406
13012 5090 290
10804 3806 406
1380 4784 440
14818 7429 29
14818 9870 29
2433 12348 406
14003 1027 261
13220 6055 28
13832 6624 474
7216 3392 406
7216 3822 406
7216 14734 406
7216 13853 406
2897 7739 406
3667 4227 28
3667 9995 28
1296 2094 240
7931 13423 406
10601 5402 406
13701 10029 406
7475 11586 473
8156 8736 85
8156 4259 85
310 1350 125
13114 3986 240
9075 10023 473
6942 2993 240
14484 5697 28
3849 2830 28
2741 13392 28
8934 3736 448
5929 6057 473
3649 2722 28
5753 4815 180
6855 12074 28
10436 2743 406
13056 14892 28
3173 11144 406
3173 7003 406
3173 4084 406
10430 10220 28
11496 7460 0
11496 12714 0
11496 1952 0
11496 7679 0
11557 2003 240
3447 6166 396
11864 9753 28
11864 12942 28
1920 12110 28
4826 11166 28
12331 6678 28
5159 13652 28
2022 12775 28
3319 4617 28
14818 1882 29
14750 13937 406
2357 2132 240
7216 2101 406
9593 9630 240
12781 5048 240
4874 13560 406
4354 9638 149
2804 5637 28
13029 9962 88
13485 120 28
7944 2116 352
12643 9521 473
4863 4300 181
14455 6325 406
5929 7034 473
5753 3169 180
5753 1739 180
13765 552 28
13955 1806 28
9133 695 181
13085 5852 28
7547 2710 28
11877 4014 406
3275 14389 406
13056 13837 28
10085 10541 85
1006 2389 406
5698 542 240
11864 3609 28
8398 11247 28
13620 2558 28
13004 6352 440
4899 12766 406
6452 4482 472
3004 13612 473
12963 10028 28
3097 1276 426
2022 14586 28
8275 7645 28
14818 11629 29
14818 9272 29
31 6200 28
14404 6926 406
7216 8379 406
7020 14196 474
2897 4928 406
12005 5783 28
7019 3368 28
2737 13227 28
14023 6998 181
2142 13618 149
12251 6473 406
10601 1215 406
3398 978 426
9628 13508 181
11763 7594 28
5761 10384 290
14368 12052 181
363 2788 440
7386 4114 181
1763 14787 290
14650 5592 28
3363 5800 473
9364 8281 240
4614 9818 28
3213 10440 474
8903 13760 85
6687 11967 28
10879 950 181
3447 7040 396
3447 12260 396
11360 4232 448
6959 9010 28
6959 4270 28
1000 3904 88
4157 6680 28
10804 10756 406
10804 8486 406
9590 575 473
1380 13512 474
8063 12912 238
14818 8954 29
3216 13350 240
10264 8095 28
900 12758 406
7747 12446 28
1698 11602 240
3000 8036 28
7216 5150 406
3058 14015 28
6533 5971 473
6533 5188 473
5047 13567 129
5047 5643 129
12251 14508 406
7635 9261 88
1501 1525 28
571 5801 240
1353 10021 406
12831 11142 88
8214 14378 406
8214 727 406
13952 5185 28
9174 1812 406
1337 1647 238
1337 14259 238
12940 2389 88
9996 11283 85
10073 12564 406
12202 14032 473
5470 3744 28
11291 5878 261
7201 10432 181
1662 11363 28
3363 6207 473
13307 13652 28
9777 3106 149
3275 4600 406
13056 1363 28
14108 382 240
11496 3159 0
11496 11137 0
4806 3937 238
12393 4802 28
1000 2216 181
3927 6018 28
13012 99 290
12330 9306 28
10804 1664 406
14818 4957 29
14818 4375 29
10644 12842 28
3984 13769 28
9163 3088 406
1446 8920 473
4417 6815 28
6340 11697 240
11894 3771 352
3667 13000 28
6533 12375 473
12372 14843 28
14782 12625 474
3231 6755 141
8156 4178 85
310 11048 125
5968 13745 2
14368 12723 473
14368 7728 473
11806 12370 88
5753 4214 180
12135 3605 28
10085 4689 85
6225 9467 28
11496 14219 0
11496 2027 0
9482 7478 473
741 2948 238
4951 9839 181
5068 14548 240
10804 12098 406
3480 4271 28
14555 10977 28
12162 5941 238
4140 5875 406
8275 6949 28
14818 9862 29
14818 9484 29
7216 906 406
2897 2712 406
3076 12847 473
5230 14382 28
13252 13045 240
9404 13575 28
5541 3532 129
6533 8776 473
5047 9755 129
6988 2242 141
10601 4520 406
10601 706 406
13284 4975 28
3504 8423 88
8156 4025 85
8156 10186 85
8156 1758 85
1353 4830 406
9174 10372 406
6414 749 406
1878 4452 472
2127 13118 406
14302 1232 473
4493 1385 472
12765 10957 28
4726 730 28
10436 12671 406
3275 987 406
11261 10371 181
10430 12098 28
2095 1208 396
2351 12440 28
11496 2214 0
11496 13258 0
11496 2619 0
3447 3841 396
4733 7944 181
4899 13576 406
10156 12626 88
13012 935 290
9677 9785 28
11036 8319 28
5523 6642 181
5523 9248 181
375 2629 0
14818 6105 29
6585 11531 28
14072 9849 28
3000 14280 28
7216 13590 406
2897 1196 406
10304 12152 290
8061 8036 28
2892 12087 406
3058 13897 28
6485 1814 473
12251 8113 406
310 486 125
1353 8391 406
9174 7467 406
9996 11501 85
617 3777 28
2127 6361 406
4863 3725 125
3573 14344 88
5753 12846 180
5901 291 28
13621 1579 28
10328 8283 352
13056 13553 28
8553 7588 406
10464 2085 448
10430 7459 28
10430 7910 28
12862 13393 125
10633 5537 28
11496 1164 0
1006 339 406
11864 9112 28
11864 12689 28
12231 4221 181
4826 3445 28
14169 12689 28
7519 7664 28
2505 4031 352
7216 13555 406
7216 1809 406
12186 4105 474
13712 10965 473
13712 4057 473
3504 12769 181
13766 7987 426
14232 4117 240
7475 6419 473
7475 921 473
8156 14484 85
12011 455 181
9996 11282 85
4863 5666 181
5097 301 474
2235 2323 125
11806 5773 88
6999 610 88
6999 12817 88
9704 6549 406
12786 7046 240
3173 6474 406
6225 4684 28
6378 12937 125
4151 2264 240
4637 4214 28
4899 3786 406
6639 10071 406
7370 12716 28
3122 11992 88
7216 9159 406
7216 953 406
7216 3176 406
10304 8925 290
640 551 149
9071 3748 240
13252 785 240
6485 850 473
1428 11453 406
10601 14732 406
5761 14408 290
13602 1980 28
953 6787 238
13487 5810 240
9996 7248 85
10073 9244 406
1169 10398 28
2714 10036 28
2989 8464 28
8025 4824 440
4883 418 396
8735 14641 88
3363 12855 473
14606 9999 240
8987 13422 28
11496 5446 0
11496 8588 0
4637 14059 28
4899 8669 406
8625 7003 406
7370 13313 28
3097 648 426
4140 3453 406
14818 5173 29
2 4928 240
5660 13349 473
7216 10557 406
7216 10409 406
7216 1334 406
7216 10499 406
2552 4921 28
8610 11884 28
132 7182 440
863 9962 290
10601 12718 406
9628 11774 181
1696 8524 406
7501 3094 290
12879 11046 28
7475 3896 473
8156 288 85
10243 12396 28
7386 13162 181
12755 5905 240
2989 6588 28
12170 12142 474
4479 11639 28
5217 4030 240
6999 1292 88
5215 13572 181
10472 6622 240
9152 4922 28
13056 2373 28
6225 13554 28
9181 4480 406
11496 13964 0
11496 10534 0
3447 4103 396
271 2166 28
10922 10766 88
12720 1150 440
2119 8536 474
4899 3268 406
12130 13199 181
9650 12271 240
14818 11138 29
14818 11532 29
14818 3665 29
14003 5351 261
13637 10028 28
770 2600 28
9732 13505 125
14784 11849 28
12186 558 474
1428 9962 406
10601 4535 406
7635 7565 88
5761 988 290
8156 12516 85
12191 1580 440
310 248 125
5968 14393 2
8733 9681 240
2127 7112 406
14519 3070 28
6575 7710 240
7386 4475 181
14776 4438 28
8934 12000 448
11817 7565 28
11946 3674 240
4726 9372 28
1925 11705 473
8598 6658 28
9133 12143 181
3275 4558 406
3275 4466 406
3275 4844 406
13056 2638 28
9942 11216 181
9181 7484 406
13548 13618 406
3350 539 28
3447 8132 396
3447 10114 396
5105 13953 406
6773 8545 473
8398 536 28
11439 552 240
11788 11333 473
12331 3732 28
9045 30 473
12330 4072 28
10804 10091 406
8322 10249 240
6313 9300 28
14818 12010 29
14818 13819 29
9154 10973 28
9154 6051 28
7216 10190 406
5739 13042 406
3667 13001 28
4196 12128 240
12697 9709 11
3058 6387 28
12251 10911 406
11859 773 28
4574 12095 406
6236 8101 28
2804 7412 28
8156 631 85
953 7190 238
310 8662 125
10373 13423 240
14368 3993 473
7007 3843 181
5100 12779 28
11 5525 28
8934 3839 448
4895 8886 473
4895 5224 473
14523 4318 181
7201 1367 181
14633 241 125
3275 10249 406
7437 13786 28
1203 14054 406
11496 12936 0
11496 11139 0
4654 10722 473
4899 6000 406
11040 2799 181
13012 388 290
10103 4634 426
1380 5884 474
14818 9544 29
13220 5051 28
5660 12210 473
7216 14106 406
6821 11814 448
14646 2238 88
3667 4626 28
3058 11640 28
6533 4606 473
3504 12912 181
4354 3508 473
13804 3968 28
8156 8610 85
8156 8633 85
7813 6922 406
4845 13345 28
2127 14394 406
7638 10380 261
6090 2544 28
12253 2116 448
14455 14459 406
10655 3410 28
7698 5696 181
12582 5845 28
2787 7208 28
7441 12872 474
10520 255 240
9704 8080 406
1925 9906 473
3275 11971 406
10464 120 448
8505 293 28
4971 14372 406
11496 379 0
11496 10913 0
11496 5656 0
11496 9114 0
4826 3111 28
13012 7872 290
2631 8374 28
10804 2184 406
11468 12845 474
11468 2625 474
14818 11638 29
14818 12983 29
14818 6972 29
900 2641 406
1698 4871 240
7216 5081 406
9593 12106 240
13712 4770 473
13332 2921 180
5809 13583 181
14023 3595 181
7237 8815 28
3667 4471 28
12781 8084 240
6533 192 473
5593 11738 440
3398 9198 426
12376 4939 28
7176 5741 406
11763 13516 28
7475 14021 473
9825 2943 28
8156 3667 85
8156 9366 85
1353 998 406
1353 14810 406
14368 8439 473
12011 13572 181
8377 11599 240
14776 1672 28
14650 7906 28
13326 3523 28
3363 1710 473
9777 7805 149
14832 9290 474
3275 11023 406
3275 13333 406
13056 5525 28
3173 110 406
11496 2838 0
3447 4319 396
8398 2712 28
10229 14810 473
12231 2742 181
4637 7973 28
4899 9865 406
4899 556 406
14604 1183 240
10103 19 426
6813 2238 290
12281 3828 473
7216 4416 406
4689 7713 28
4574 5332 406
11763 6165 28
7699 10151 290
8156 13637 85
1353 6481 406
5968 13143 2
8214 8081 406
12844 11623 141
6454 3497 28
2274 5282 352
2127 831 406
10073 3157 406
6750 5843 28
1581 147 28
8840 10228 240
3754 8018 88
10436 4482 406
11496 637 0
11496 13228 0
926 10339 28
3447 9399 396
7285 14858 88
6959 2129 28
13012 12596 290
2433 1105 406
14404 8391 406
7216 2861 406
8610 8245 28
14023 6684 181
14612 4524 28
3667 12864 28
5230 12192 28
5541 971 129
6533 4999 473
1428 8850 406
10601 8704 406
13766 6593 426
3794 11800 473
5339 3424 473
8156 7446 85
8156 3694 85
8156 6454 85
8156 9144 85
9174 1399 406
12011 12521 181
2127 13561 406
12202 12723 473
12202 8418 473
4883 13013 396
12405 9876 473
13995 3916 240
3275 12605 406
10430 8122 28
11496 9846 0
976 867 28
2232 1717 28
3447 10808 396
6773 12815 473
1909 173 28
4637 4459 28
4637 13670 28
4899 8454 406
4826 1292 28
11040 11078 181
7370 14132 28
4764 10463 180
10103 3516 426
10268 9249 181
10804 7412 406
10804 2284 406
12527 10126 474
14818 6141 29
14818 965 29
14818 662 29
6585 13849 28
900 14372 406
7216 586 406
7216 7594 406
9593 8492 240
6884 11959 28
3667 3280 28
5484 8765 352
7635 967 88
7475 12779 473
8156 510 85
953 14857 238
14368 6207 473
2127 4253 406
13577 8447 28
511 9738 141
11291 9523 261
13326 12723 28
14778 3401 240
14438 8996 28
11049 6534 352
756 2400 406
12405 808 473
5901 6275 28
13985 2724 238
2760 4189 28
13056 7999 28
11496 6349 0
10563 4672 181
3447 2671 396
3447 6634 396
3447 13992 396
8398 8925 28
10922 5637 88
4637 551 28
4826 14283 28
6452 11413 472
13012 5346 290
13012 11447 290
13012 1878 290
14818 5238 29
14818 4633 29
2433 4831 406
14003 8195 261
7747 2748 28
7747 1686 28
11905 9351 181
14072 8766 28
854 536 28
7216 1222 406
7216 11830 406
7216 4014 406
7216 2743 406
7216 13152 406
2897 4710 406
11286 5741 28
11666 4524 240
14594 2232 85
640 8229 149
7315 3483 28
10248 10125 240
3058 12920 28
4874 5977 406
5629 6295 28
10601 7034 406
8156 4502 85
8156 10877 85
8156 7230 85
8156 8598 85
12643 9486 473
12511 7334 238
14302 1040 473
8934 12130 448
8934 6024 448
9777 5525 149
14832 9224 474
2760 4012 28
13056 1888 28
4971 4217 406
11496 14558 0
11496 9982 0
11496 10358 0
3447 8421 396
8398 12855 28
4899 5251 406
12845 13743 240
4826 2927 28
4764 6966 180
7363 8166 473
2933 9550 240
7182 263 440
14818 7458 29
7216 11819 406
7593 14099 440
4874 14737 406
86 1196 28
8156 1169 85
9996 2164 85
2127 4515 406
7386 11392 181
1709 10411 85
8840 12640 240
3275 3082 406
3471 666 440
2095 14393 396
11929 10321 352
11496 2758 0
13574 1109 28
14862 4480 28
3447 2592 396
10229 12574 473
11360 94 448
1909 10722 28
4899 14471 406
4899 10894 406
4826 773 28
7446 5665 28
10804 3671 406
13426 1506 28
8145 10354 240
11036 3625 28
2936 14108 474
14818 578 29
14818 14576 29
14818 10072 29
13832 4784 440
7216 9897 406
11755 7186 240
14023 4307 473
357 8934 85
236 6875 440
5074 7065 473
5161 10305 28
3058 13057 28
313 13496 28
10601 9147 406
8156 271 85
9996 14311 85
2127 2530 406
2828 10657 181
511 5092 141
11653 4643 28
11806 10614 88
3363 12449 473
13131 22 28
3275 5475 406
3275 9861 406
3275 12158 406
13087 1234 149
10464 9065 448
10430 762 28
3920 10635 406
2351 9998 28
3599 6143 240
6773 14503 181
5855 7247 88
777 12594 28
4637 6431 440
12004 10956 440
6959 11476 28
4899 2921 406
4899 10289 406
7446 5128 28
6452 2116 472
13012 1334 290
8141 2622 240
4140 2694 406
8279 11923 28
14818 14870 29
14818 1437 29
14003 581 261
11071 3073 129
7216 8835 406
12360 3028 406
6514 57 440
11227 4015 149
12516 3592 28
6533 10566 473
5047 8424 129
4574 562 406
3504 13652 88
12879 14732 28
9996 4417 85
2044 7640 240
363 11973 440
433 7861 11
8934 14293 448
8934 8479 448
8934 7108 448
7786 13395 181
5753 14875 180
5753 6001 180
11618 13308 473
3173 5243 406
10464 12210 448
14325 4336 88
11496 9902 0
6378 5853 125
6201 10485 240
3447 11307 396
12231 14661 181
4637 13985 28
