4185
5824 2890 424
14558 11309 349
4587 14723 400
3440 8458 170
3104 4772 169
2814 5373 79
2955 247 241
2260 4863 148
12746 11309 43
188 3253 207
12583 11123 95
13401 499 287
12154 6800 175
9531 12659 87
11512 8188 205
10721 8395 195
8971 13143 465
9408 618 311
13348 2890 424
8008 8260 119
12842 11496 465
10458 3297 66
3378 428 470
3285 11309 27
12652 6800 175
9644 10451 169
11924 11496 465
8374 11496 465
4073 8260 119
13730 8802 207
6778 11496 465
13972 11854 170
11001 14818 195
4871 5313 170
3992 10207 193
7623 2756 22
10508 5047 346
3637 9933 465
14322 3575 170
8614 428 465
1738 3798 95
1618 12505 131
13221 11496 465
4359 11309 43
4524 11309 438
1664 1274 453
11480 7244 131
13069 5373 79
6652 14818 195
14477 14818 195
13618 6373 465
9005 6149 246
1719 4144 175
6182 8260 119
11465 10728 164
13314 7244 131
9587 8231 95
6884 6874 193
2195 6800 175
13240 8234 22
11483 732 251
7453 8260 119
6293 6224 361
12488 8260 119
3016 12811 246
1779 9486 234
351 14818 195
10800 2956 246
4063 5583 170
816 14818 195
8040 11496 465
14891 10207 193
11257 8395 195
9211 11496 465
8478 8041 205
11017 268 393
6047 8395 195
7146 2729 319
14154 11496 465
11101 8260 119
8221 13143 465
6527 7521 208
11954 3732 246
8920 14818 195
12019 13409 170
7252 4445 170
13485 7996 169
8603 4144 175
8081 11496 465
13510 8260 119
6040 4397 360
3592 11496 465
13211 12570 95
5479 6800 175
6404 1633 275
7153 6468 475
14132 8260 119
6716 3092 72
12102 10838 259
6761 8260 119
2338 7244 374
713 8877 208
76 11496 465
813 6800 175
2130 11309 43
7302 1566 292
4792 11860 170
3219 9406 424
10210 1110 483
610 7244 131
7793 1703 287
10813 3925 170
8737 7244 403
12590 2145 170
8517 11496 465
9147 12588 465
7715 6800 175
6728 1200 284
11091 6800 175
11588 7244 374
6456 5469 452
10790 11496 465
3357 9551 429
338 11496 465
1247 8260 119
10733 6800 175
3642 2890 424
6902 2777 169
14744 11309 438
6996 2949 207
247 6800 175
4489 8378 170
14312 6800 175
11317 11628 424
7199 10408 246
143 3092 72
7865 415 434
233 8944 465
10520 11496 116
3186 13745 354
7157 7244 131
4373 8260 119
14729 8260 119
6605 9759 207
3282 14818 195
13190 6224 361
12329 9933 465
12329 9178 170
8500 11309 349
6292 8260 119
7584 11309 43
734 12824 483
1796 5510 150
4346 8260 119
13757 14818 195
935 11496 465
3586 11309 438
7418 11496 465
13511 11309 43
14652 7244 131
10218 10820 205
11124 14818 195
13635 8260 119
3987 12369 95
5041 8234 22
7376 11562 95
10775 6800 175
10661 5373 79
6853 14495 121
3253 11496 470
9275 14818 195
13574 6065 475
9871 11309 43
9871 3494 72
14431 2454 475
1424 268 393
3447 8260 119
9086 6800 175
6755 5902 475
2532 8141 156
12720 1654 59
2639 12177 103
9863 11496 465
9386 8395 195
12317 3839 292
14711 5809 393
12640 11496 465
12564 14818 195
5290 6800 175
10384 8750 170
7303 11628 424
255 14818 195
4812 6800 175
594 2756 22
10169 2837 66
14408 6800 175
6578 14315 170
4050 14370 24
5106 7244 77
4505 4144 175
1891 8260 119
3020 9933 465
8323 13215 73
10212 14818 195
5362 937 205
12512 9933 465
2396 13143 465
4131 8305 207
1277 9419 205
13013 9406 424
8498 12588 465
679 12588 465
3767 6800 175
7614 2890 424
2460 3925 453
1457 11309 43
5668 1236 170
12919 14818 195
10395 14723 400
13936 6800 175
12080 11083 207
3146 6800 175
2412 3092 72
11154 2259 131
10457 11309 438
4077 8260 119
7593 11741 311
2118 117 27
5478 11496 465
3998 1120 170
1128 6800 175
3002 14006 287
108 10193 43
10881 2890 424
7132 11309 438
3364 8260 119
12530 8260 119
14458 13143 465
11762 3092 72
2705 3092 72
10688 14818 195
6089 5373 147
11469 12388 241
3492 5902 475
12863 4956 22
6678 8395 195
9566 4144 175
723 13769 66
2527 9933 465
3724 11496 465
10673 14818 195
2893 6224 361
14245 11496 465
8651 14818 195
4084 11309 438
8085 3092 72
12757 14818 195
10737 11309 172
11359 4144 175
13897 11496 465
3813 6224 361
12431 5329 311
1867 526 170
3606 7992 325
12193 6800 175
4955 14818 195
5224 6800 175
1579 5732 24
1721 14723 400
2575 12487 77
10724 2499 424
6805 5469 452
11056 6224 361
11056 2890 424
7199 2756 22
11861 731 192
7062 10451 169
9588 9990 207
8154 14818 195
8615 6224 361
5396 4587 24
4751 6009 72
2905 14019 434
12882 6224 361
11930 10207 193
11113 13454 246
4791 10923 251
12272 12386 193
6695 11741 170
12847 11496 465
11684 4144 175
1907 4144 175
4529 6800 175
12557 11309 438
11578 12546 251
5579 336 170
14046 8053 287
10997 6800 175
8897 195 284
13254 1746 95
850 11248 170
4061 3098 360
4656 14818 195
14666 6800 175
5547 6224 361
6372 14818 195
3957 8998 475
7015 8260 119
3316 7422 95
4806 6800 175
3115 11848 77
361 11628 424
3218 8421 465
4093 8998 475
5894 3206 59
378 3925 170
8823 8260 119
13340 2756 22
6881 8260 119
14509 2756 22
5290 14818 195
1293 8191 465
5903 12141 170
6351 11496 465
12681 11496 465
7841 2890 424
11394 8260 119
594 11309 43
7427 11309 43
10078 14818 195
13227 11496 465
7003 14818 195
12616 3092 72
189 3092 72
13125 11309 349
14383 6989 311
3345 11309 43
9434 9929 284
8060 2890 424
5330 3092 72
6276 4144 175
2397 11024 131
6394 10475 208
9095 9933 465
7634 8713 148
2996 5732 24
144 14818 195
3572 1521 205
4561 14818 195
5668 14818 195
9314 3711 73
998 3670 207
177 4952 284
11129 3092 72
4280 7486 59
13449 11496 465
4185 9419 205
4776 11496 465
7804 3504 72
2665 1657 360
10882 6800 175
4351 12078 131
2636 526 170
1616 11741 170
6807 4144 175
13460 12007 292
4216 2890 424
10241 8395 195
2298 8260 119
2694 11573 292
14100 2821 66
9291 11309 43
3933 4587 24
3828 4144 175
6228 7244 403
14703 11496 75
4258 11309 43
14205 3732 246
11238 6224 361
10033 14818 195
8071 10451 169
2956 11496 465
12408 5902 475
14546 6009 72
3176 14818 195
5726 4547 131
3065 14723 400
14277 14818 195
662 2890 424
7906 6800 175
4608 4144 175
8511 8395 195
12112 8188 205
811 12075 292
867 6694 170
12170 11741 311
7921 14086 170
8650 310 148
12142 8260 119
10605 11496 465
5456 11496 116
9403 4007 207
11352 8260 119
8579 9406 424
13930 6800 175
9904 618 311
2002 8260 119
13128 13741 246
10520 7244 374
6082 14818 195
13621 6065 475
12348 8260 119
14093 14327 24
13561 14370 24
13391 5168 170
14065 3092 72
6689 3609 95
6689 7535 66
2950 310 148
9475 8260 119
14721 4144 175
3005 8260 119
6945 8260 119
10995 13143 465
9945 14723 400
10466 9406 424
3270 14818 195
569 8260 119
6885 14818 195
976 323 169
13657 6800 175
1495 8260 119
4273 7996 169
304 11309 438
11231 8260 119
4115 12369 95
1305 9933 465
14118 12099 311
4806 11496 465
14765 8260 119
4464 11628 424
4844 14818 195
3556 11496 465
10779 14818 195
2191 14818 195
12718 14772 24
6455 5236 325
7352 14818 195
14361 2777 169
1844 11309 43
1844 12369 95
3461 2756 22
6243 11628 424
8617 8260 119
11474 11496 465
12125 3092 72
14128 9389 246
2825 11496 465
6122 6800 175
2003 6800 175
1653 6800 175
13264 3214 207
13080 11496 465
11990 14723 400
7925 13011 284
12308 14818 195
522 13565 465
2849 6800 175
353 14818 195
331 8260 119
4482 11732 207
6124 6800 175
2805 268 393
13850 12250 59
7468 6800 175
13260 3092 72
13138 6800 175
2712 4144 175
395 14818 195
13744 8260 119
8728 14818 195
2934 14818 195
10039 14370 24
6760 6800 175
6760 14818 195
11219 11496 465
6259 14723 400
676 3879 207
5483 11496 465
10299 1475 321
2791 11309 349
6816 10248 156
365 8260 119
7213 11496 465
4196 7244 374
4575 11309 349
13023 8260 119
11486 13143 465
1445 310 148
10456 8191 465
2253 8260 119
12258 8260 119
1784 8260 119
6288 1485 453
9946 9933 465
8209 2650 207
8478 3092 72
12179 8260 119
9566 14818 195
14522 10207 193
1551 11309 43
10082 14587 170
6158 8260 119
13000 6800 175
7994 4144 175
6501 11873 424
11615 2777 169
6905 2777 169
14816 6800 175
192 11496 465
10932 14723 400
11109 10698 169
4111 8260 119
7795 12588 465
11102 6224 361
2371 5612 170
11880 5738 24
1660 7244 131
14629 2777 169
14662 9732 148
5534 14495 121
11449 8260 119
5109 2732 170
6051 11496 465
9213 10083 170
664 1475 321
6430 3925 207
9793 4863 148
12304 660 424
13720 13571 156
9769 14723 400
7656 1746 95
7710 14818 195
3750 6800 175
12642 8441 246
440 11309 43
3352 5732 24
1960 4144 175
11426 11496 465
14827 14818 195
7145 8287 24
5531 8395 195
11947 12659 87
12679 14006 287
3268 6800 175
9676 4027 170
4618 4144 175
11122 14818 195
11684 12588 465
8985 14818 195
9048 10565 246
696 2942 463
7909 11496 465
8887 14818 195
4487 8802 207
6990 13143 465
14652 14818 195
7204 8260 119
582 8260 119
8254 11628 424
13399 8260 119
11124 3925 103
10087 3092 72
4760 5902 475
11741 2890 424
9239 4007 170
8255 9192 284
7369 8967 95
11339 6800 175
3599 11496 116
678 14818 195
4643 14818 195
9756 11309 438
11839 14686 465
10380 14723 400
1795 6800 175
11850 3711 73
3678 8260 119
11874 11309 438
6661 8260 119
4803 11496 465
10527 8260 119
12887 3092 72
12792 7385 319
10160 11496 465
12415 4144 175
7390 6800 175
5804 8297 246
8689 4144 175
9605 4144 175
881 11309 25
13981 8260 119
8556 5871 287
1578 3092 72
3373 8234 22
43 2777 169
1860 11309 438
612 14818 195
7552 9406 424
4830 8260 119
8809 6800 175
2865 8260 119
3852 6800 175
12565 14723 400
6978 2454 475
10836 7834 311
5846 11309 438
6399 14818 195
8889 10698 169
2070 5334 463
4741 1081 24
12584 12588 465
13117 2756 22
9748 6810 170
8185 6224 361
8441 6800 175
9492 1855 150
597 6800 175
9115 4144 175
9599 13617 246
12076 3092 72
12210 1478 453
12210 14818 195
7724 1478 311
6165 8260 119
2555 12686 24
1862 2890 424
3998 13223 188
8088 4695 465
3616 9594 188
8392 6224 361
7874 11309 43
5542 310 148
13157 11496 465
2759 6800 175
12225 8802 207
8316 8260 119
10278 8260 119
10022 12659 87
7544 4901 241
2960 13143 465
10082 4144 175
3970 11235 207
9509 5111 465
2853 4956 22
11363 14818 195
823 14370 24
4676 3993 246
10373 8260 119
7688 4019 424
8876 7244 131
14 11309 438
4961 8877 170
13667 268 393
9530 2890 424
9911 11496 465
11047 8260 119
8996 11496 465
1800 3092 72
13944 9575 311
9597 6224 361
7335 12659 87
3192 11496 465
2584 6800 175
1669 6762 319
2206 10591 170
9147 14818 195
9070 5168 170
742 14818 195
3772 11309 43
1001 11496 465
5801 11496 465
7797 14818 195
13788 1485 208
12524 14723 400
13354 2162 170
14035 8260 119
7447 1913 246
7447 6325 234
1148 184 434
2994 11496 465
247 14818 195
12568 6800 175
11397 6800 175
14390 8260 119
5899 7164 251
8148 310 148
9788 5373 147
11287 8260 119
11782 10451 169
4318 5946 150
11821 11496 465
14050 11496 465
5852 13544 170
5127 8790 246
5977 4932 429
12696 5469 452
1458 11309 43
490 2756 22
4669 3092 72
14810 11496 465
9306 8260 119
909 11309 27
3310 8260 119
3943 11309 43
14423 6800 175
13335 2499 424
12433 9933 465
815 8260 119
5875 13143 465
14765 2890 424
10736 5418 24
11747 11496 465
11659 3967 479
7618 7244 131
4782 2890 424
10308 11628 424
4647 4144 175
1683 2855 441
11415 3092 72
14509 11309 43
11771 268 393
10579 9732 148
4905 4905 483
3030 10691 275
12874 8944 465
13424 11309 43
10169 11309 43
5419 3732 246
14231 6800 175
11131 9862 170
3959 8260 119
4753 8234 22
6294 6065 475
14548 13143 465
14548 14818 195
12280 6224 361
8322 5373 147
10931 6224 361
8873 6800 175
7044 8998 475
84 3092 72
10035 14393 465
2998 6963 24
6594 8260 119
1603 11309 43
10524 10184 150
14886 4144 175
13683 7244 131
5653 6468 475
650 8260 119
10009 6357 95
3284 5902 475
10121 2890 424
9287 11496 465
11758 10207 193
5792 6800 175
2834 8260 119
597 428 465
8653 8260 119
14106 5732 24
2765 12767 246
12370 7244 403
6362 6800 175
8685 4144 175
5413 9256 241
7315 8312 169
1525 13143 465
9586 14841 453
8815 14818 195
7478 8305 207
491 9933 465
9572 11309 43
10657 8260 119
11611 14370 24
8867 6800 175
3432 14655 251
5167 5817 207
3169 6800 175
7146 14818 195
10796 8260 119
13562 8260 119
5174 8260 119
128 12369 95
340 6800 175
381 11309 43
10289 7244 131
9150 6800 175
6040 762 246
432 5469 452
11316 488 205
4122 11496 116
3127 11504 311
13539 9933 465
14486 6800 175
13540 11309 247
12740 268 393
2863 4144 175
2927 14818 195
2230 6602 170
4031 9820 319
10907 14818 195
13092 1081 24
5155 11741 207
13301 8260 119
8667 11309 43
13522 8390 207
8007 6800 175
12295 2599 205
664 14818 195
8256 2538 325
10067 14086 453
1247 14818 195
13354 6800 175
4082 11309 43
12618 2801 311
6767 2801 311
6386 5111 465
6797 5984 150
139 8260 119
6403 8260 119
11599 8395 195
1065 11309 438
2898 2402 131
12745 6065 475
7379 5418 24
5280 8260 119
12688 7244 374
8241 4144 175
2333 8260 119
1684 9406 424
4692 14818 195
12839 9933 465
2010 2945 59
11711 14818 195
9570 11741 170
9410 6800 175
2376 8260 119
2799 8260 119
14046 8053 208
9826 9933 465
12451 3267 284
12296 14818 195
7409 11309 43
8724 11309 349
1142 4813 354
6853 6468 475
214 6224 361
6450 11951 188
9204 8260 119
7826 14393 465
2071 8260 119
14174 8395 195
13507 13687 205
14433 6224 361
4430 6224 361
3128 1622 246
8476 3092 72
2093 11496 465
4600 11309 438
14425 12411 275
10810 6800 175
14330 14818 195
9313 8260 119
13924 195 284
9501 13143 465
4009 8260 119
1016 12759 121
9155 11309 43
3259 12250 170
1512 8368 103
41 11496 465
3110 14723 400
5577 13143 116
7639 2599 205
12652 9933 465
8374 14818 195
6498 8260 119
1944 2324 170
11001 11496 465
6720 8260 119
3999 310 148
8415 11309 43
8159 5111 465
3318 14723 400
9975 8260 119
8883 8260 119
14299 6800 175
14603 9732 148
3994 10838 259
5565 9092 121
9656 9933 465
9116 4547 131
11172 5404 170
13659 11496 465
11037 5000 131
4969 8260 119
7974 14818 195
3284 423 205
10225 3092 72
12967 13143 217
10221 7244 403
9587 1246 246
10425 11741 170
8569 14723 400
7467 8395 195
10699 5469 452
719 2890 424
13724 310 148
10174 8260 119
11979 8944 465
5088 6224 361
946 6800 175
1107 3092 72
14572 13993 95
8195 14818 195
299 3136 465
13167 8260 119
3049 8944 354
6213 13281 150
1161 11496 465
10676 6458 59
10241 8191 465
5695 7244 77
8024 8260 119
1857 8260 119
12875 8260 119
4411 2587 150
2041 4144 175
14716 7244 131
5174 5146 434
11336 11309 349
7888 6800 175
5026 14723 400
3185 8260 119
4702 14370 24
3810 7244 131
4383 11496 465
953 3629 319
4771 7486 59
11148 3502 170
1455 11496 465
10996 1409 284
8658 310 148
5137 10530 453
6307 5469 452
5358 14723 400
2927 6739 131
10565 6800 175
12974 3092 72
11359 578 453
11320 14686 354
8538 7996 169
13713 8260 119
2989 11309 27
9893 2890 424
8296 11496 465
8520 5984 66
12474 11496 465
6682 12891 246
1132 11496 465
13115 5000 77
9769 5469 452
10253 5902 475
11364 11309 349
10345 13369 95
1960 9933 465
87 8188 205
14504 12659 87
10759 9209 131
7901 11496 429
6279 13745 465
4526 3092 72
1829 6800 175
11003 4144 175
2683 7244 131
2919 7244 131
12753 14818 195
3339 11496 465
1977 8101 66
6323 8260 119
1809 1901 170
8154 4144 175
13985 11496 465
10202 3092 72
14107 8260 119
11890 14818 195
8014 11496 465
14508 11496 465
13391 7244 403
1225 14818 195
2995 11496 116
9360 3925 170
9799 6800 175
9799 14818 195
9381 7323 59
12557 11496 465
14721 7244 131
9187 13143 217
496 12369 95
2140 8260 119
7445 11309 43
9945 268 393
13622 3092 72
1134 8260 119
5158 6800 175
12200 6800 175
1099 13609 59
7080 14412 311
1104 7244 131
4393 13215 73
3993 11496 465
9427 14818 195
5082 12787 246
1005 8830 246
271 8260 119
13575 4665 170
6474 14818 195
135 2890 424
1767 8260 119
350 14818 195
13296 498 170
318 8260 119
3371 2890 424
3263 6800 175
10970 1475 321
5990 2890 424
5328 11309 438
9627 3586 246
6736 4901 241
4023 4144 175
9280 3067 95
12791 5047 346
11081 8260 119
11938 8260 119
12512 6800 175
2962 14818 195
4940 11496 465
13105 5984 66
4780 711 24
9872 11628 424
218 8260 119
8480 9933 465
6931 6800 175
10219 13143 465
4278 3136 465
3572 4956 22
11849 8260 119
5346 6800 175
9891 310 148
10200 7244 131
10236 8260 119
8036 1475 321
13246 8836 205
9981 14818 195
535 2397 246
9543 12386 193
13831 14818 195
12683 764 24
9664 11496 75
14163 7244 131
12204 8260 119
8947 7959 169
10248 7244 374
3998 2421 207
10890 3092 72
9899 14370 24
4257 11309 43
9281 11496 465
10916 11309 43
12153 6800 175
7444 6739 131
14414 12588 465
415 3065 170
6512 4547 131
2899 5373 79
1567 14818 195
1769 6800 175
10929 11496 465
2194 1922 360
11412 6800 175
465 6806 465
2041 11309 438
5881 2890 424
5209 6224 361
3876 12811 246
11224 2777 169
201 11246 208
4137 3092 72
11764 6800 175
8470 2777 169
8286 8260 119
12507 6800 175
9448 8963 169
1068 5047 346
6557 6800 175
13135 11496 470
1865 3670 170
6731 12977 284
12196 6800 175
8223 268 393
6903 7244 374
5728 3092 72
9911 6800 175
6330 3609 95
13191 8260 119
11109 12386 193
3996 6458 103
1156 8260 119
12832 6224 361
9716 9440 434
6086 4690 192
12951 660 424
10993 11309 43
8097 14841 453
5842 11496 465
12322 14723 400
9339 6514 205
1556 14818 195
6899 8064 311
5801 6800 175
7786 14723 400
11912 8260 119
7913 4144 175
9906 14818 195
9466 14818 195
11055 7244 131
7241 8260 119
13833 3318 465
7191 6800 175
10045 6468 475
13131 11741 311
7379 4007 170
10523 11309 43
2184 764 24
13837 11741 170
12050 14370 24
13917 8234 22
525 14818 195
9619 11496 465
2010 8998 475
4687 6800 175
5363 11496 465
12847 5111 453
3733 12726 170
11019 11496 465
7469 3670 170
7469 6800 175
9623 8260 119
5341 8260 119
9165 7218 292
7351 6800 175
7720 11309 43
1104 13013 465
11986 11309 43
5904 14103 66
6878 13415 207
9839 3092 72
5793 11628 424
6232 11057 207
1192 4547 131
1376 6800 175
2713 11123 95
5696 13449 95
2886 8260 119
6959 10698 169
14790 662 192
13340 13791 205
10356 1566 292
7249 2890 424
11540 11496 116
10497 10989 150
10497 3092 72
4982 8260 119
11530 6800 175
11768 7244 374
5238 9406 424
2528 14370 24
7930 14818 195
14798 8944 354
1425 11708 205
8164 11309 43
7056 11628 424
3172 14686 103
7542 3092 72
11708 10172 311
5910 662 59
11226 8260 119
5422 2777 169
8275 10698 169
5266 8260 119
8002 11496 465
10955 5266 246
7346 3092 72
5737 12386 193
11795 2756 22
14082 11496 465
14015 8944 465
1725 8260 119
10044 14246 434
14843 6800 175
9800 7588 251
5653 14495 121
390 11309 349
14429 8260 119
10342 6800 175
7043 11496 465
12714 6224 361
10225 12977 95
13288 9295 95
6280 184 434
11770 8260 119
2821 13143 465
1862 8260 119
6128 6800 175
3198 14370 24
1329 11496 465
9445 11496 465
32 12256 150
13042 5732 24
11216 14246 434
11337 10340 434
2309 5168 311
4703 3092 72
14328 3925 207
11224 3593 169
9827 14818 195
11206 12659 87
3533 8260 119
4142 14818 195
12152 4223 170
2743 8395 195
10277 5306 453
10480 8260 119
12244 8260 119
8852 11496 465
10297 14818 195
8766 4144 175
1900 6843 95
8099 8260 119
3075 11143 150
2622 4144 175
12031 3092 72
4515 14393 465
14546 11309 43
7739 11496 465
14441 13976 66
8085 8400 284
2371 6800 175
7906 14818 195
12316 7244 131
5995 14818 195
7727 1587 465
12158 11496 465
2301 310 148
2366 310 148
13999 14818 195
2968 3833 205
9148 5306 207
3635 7301 429
14448 8260 119
8582 8395 195
9505 11309 43
7066 432 465
2148 4144 175
9315 13962 287
7901 14723 400
10894 11235 207
4864 11309 349
14344 11496 465
4521 8260 119
2471 8260 119
11844 731 192
9091 5373 79
11637 8944 465
6636 6800 175
1153 8260 119
12778 4144 175
3713 11309 438
10371 8260 119
718 3092 72
6945 14370 24
4867 8260 119
714 7486 103
11333 4144 175
2941 8458 170
12477 11309 43
12325 2777 169
349 11309 43
4422 2499 424
10990 8260 119
9389 11496 465
5955 1657 360
9066 11496 465
7682 1055 453
3918 5111 116
7516 3092 72
7175 8260 119
2818 3092 72
13132 3092 72
6217 5847 287
5800 14818 195
2711 14370 24
6266 7617 311
13705 5009 170
5451 8260 119
5216 14063 311
7134 11309 43
12564 6800 175
2110 14818 195
6122 13668 465
3094 14723 400
7311 4547 131
7629 14818 195
2849 11496 465
353 11496 465
1724 11309 154
4779 268 393
13146 11309 43
5697 11496 465
12396 7244 131
934 11345 207
3637 14370 24
13500 6911 77
10884 11496 465
2185 5373 79
13112 14818 195
13610 2756 22
7256 3925 207
2088 10207 193
9095 10708 170
8184 2314 24
10070 6800 175
148 6065 475
341 8260 119
10524 5871 287
8597 3314 246
3979 14495 121
730 14841 453
4497 12588 465
2399 13143 465
12233 4144 175
8227 9575 311
4092 11628 424
3274 11397 284
6398 4144 175
8685 5418 24
1492 11309 43
11369 1889 234
9586 11741 170
870 9272 325
6152 11309 43
14265 11309 349
102 5541 346
13787 4007 207
4344 3032 148
5976 14818 195
13042 14818 195
10080 310 148
2826 3593 169
11236 2777 169
1330 11309 43
921 9933 465
12514 13215 73
7694 3462 292
7694 6800 175
6643 8260 119
11035 4144 175
4449 5649 259
13781 11309 438
9519 10698 169
10050 10050 483
12007 8260 119
8099 11496 465
8071 11309 289
373 14818 195
508 8260 119
12940 14723 400
4918 8648 43
5 5731 479
333 11496 465
11897 8260 119
12361 14818 195
11320 11309 43
5270 14818 195
6546 6800 175
12483 8260 119
2790 3092 72
1214 4144 175
3357 6800 175
2430 4466 284
11452 6457 131
5003 2890 424
13666 14818 195
6767 2945 59
8371 14818 195
1301 4144 175
1830 660 424
1565 7244 131
5336 6800 175
59 14818 195
6268 11309 43
11569 6800 175
1078 11496 470
3963 8260 119
5901 10698 169
10057 6224 361
14701 8260 119
7547 8260 119
7594 7244 131
13391 14686 453
8427 6800 175
6581 14723 400
6918 8458 170
7658 8957 246
718 2457 95
8168 6800 175
10269 13143 217
2342 12701 205
2726 660 424
2659 14442 246
13429 14818 195
90 8260 119
9204 3925 325
4115 3092 72
14516 11309 349
11864 12386 193
10926 6800 175
6519 14818 195
6755 11309 43
1786 7244 131
9798 11496 465
12994 5373 79
5800 11496 465
6919 11496 465
9522 13190 170
10432 13687 205
6076 660 424
1920 12250 59
892 386 170
7978 3267 284
11622 2314 24
9693 11496 465
4823 7244 403
12807 8260 119
41 11309 438
594 8260 119
9185 9933 465
1727 2756 22
4327 3925 207
1609 11962 95
14216 10761 205
2094 7244 403
4860 8260 119
2098 8260 119
10347 3667 319
12209 8260 119
3134 8260 119
12673 8260 119
7346 13143 217
10184 11496 465
13221 6800 175
4301 11628 424
10446 13675 59
8243 8532 170
12701 12250 59
10292 2890 424
14687 4019 424
9692 11309 349
9692 2890 424
5760 11309 43
9287 8260 119
10457 11496 465
10853 11496 465
14474 4564 360
14474 9016 284
8549 8260 119
10967 11309 43
2306 13993 284
2172 11496 465
2837 14370 24
12012 11741 103
14377 4144 175
3998 11496 465
7069 8260 119
12437 268 393
13554 4144 175
10688 11309 438
7035 12141 170
10363 14818 195
8010 11873 424
7397 14818 195
11992 14370 24
13870 13143 465
1246 11741 170
9654 2287 24
12000 11496 465
4801 12977 95
13525 14818 195
11300 13215 73
340 5732 24
13514 11496 465
14780 11628 424
8051 3925 207
13280 8260 119
6040 8967 284
9142 6106 311
12234 8260 119
11615 3279 311
219 2890 424
2785 11496 465
13541 7136 319
11493 6800 175
363 8260 119
5616 5902 475
757 12824 483
13276 11496 470
1773 12824 259
541 11246 208
13258 11309 349
4191 8130 169
4341 6800 175
8097 14818 195
5420 7521 208
3770 10838 259
7097 10069 234
8637 11741 311
5314 7486 192
14442 8260 119
8640 10819 360
2321 10838 259
2599 12250 59
8406 6800 175
2114 5873 424
9723 4580 205
9723 11309 43
12223 11051 453
11082 8260 119
3430 8260 119
10894 8260 119
4230 8260 119
11946 11496 116
9925 4901 241
5448 14818 195
8524 14818 195
2650 8260 119
467 3749 207
1855 14818 195
1372 11309 43
10717 6800 175
4921 8260 119
12542 14689 170
2766 6065 475
13561 14818 195
12705 8260 119
7481 11741 453
10094 12258 170
4037 6955 188
291 4144 175
10256 8260 119
8914 14723 400
6016 6800 175
4419 2890 424
2202 8188 205
2542 2890 424
12980 3092 72
11119 3818 59
8308 11856 287
8620 4144 175
1929 7486 103
4701 5373 79
2767 5469 452
13091 2061 284
1084 3504 72
12449 11496 465
9901 6800 175
10437 8395 195
3881 8234 22
13747 8395 195
4607 5266 246
5126 8260 119
8777 6800 175
7083 11504 311
9561 3711 73
7665 6800 175
4033 13143 465
12385 9732 148
3851 11309 349
13954 11496 465
3283 6800 175
4195 1703 287
5154 11496 116
7543 4547 131
4548 12588 465
325 11628 424
14876 11496 75
8284 14818 195
9280 10917 150
4581 8943 292
178 14370 24
10274 4813 465
2969 6800 175
6123 8260 119
5401 6224 361
6693 2890 424
14061 14370 24
14857 13000 360
2669 11752 170
7366 8260 119
1113 14818 195
11932 14818 195
2397 3136 465
9789 14818 195
4470 8790 246
10330 11496 465
5080 4144 175
4732 7521 208
12813 12813 483
144 6800 175
1985 4144 175
8515 6800 175
12005 8260 119
10695 7244 374
1077 6800 175
382 7244 403
240 13774 246
6106 6224 361
9507 11496 465
5803 6224 361
4243 11496 465
5180 7996 169
5818 6800 175
12635 6323 246
5230 12659 87
13282 7244 131
2645 488 319
8947 4772 169
11820 11478 24
7553 1227 150
14288 7521 208
8301 14370 24
6940 11496 465
12735 12487 131
8795 4144 175
2702 11309 43
12579 11496 465
4446 6468 475
6200 4144 175
11336 660 424
14374 5373 147
6012 13143 217
6012 3092 72
8792 7486 59
7296 11309 43
89 8260 119
8277 12790 393
7899 6800 175
11937 13143 465
14389 14370 24
10373 12588 116
4627 14818 195
339 12078 131
13046 5817 207
4413 11309 172
12806 5373 79
13395 3092 72
13692 6800 175
14132 11496 465
13634 2499 424
1878 11496 465
3546 12588 170
1638 14723 400
8960 6800 175
7557 11309 43
541 3092 72
6071 11496 465
3861 6224 361
13393 14818 195
9987 12851 131
509 14818 195
2714 9092 121
8674 3092 72
7068 10375 170
3495 11496 465
8018 8260 119
13171 7231 170
10526 9178 311
1980 12921 292
3070 8260 119
4606 11496 465
463 6800 175
9919 8458 170
1734 8260 119
10374 14818 195
12618 14495 121
1232 6800 175
9859 9933 465
12150 9885 429
5120 5000 77
13453 11309 349
11627 8260 119
2491 7422 284
10819 6800 175
11299 6800 175
12493 3092 72
3151 14818 195
10701 10761 205
14068 12077 360
14068 14224 251
6689 2482 205
6216 3136 465
5130 11309 43
14339 6800 175
2600 14818 195
13714 3092 72
7860 11309 349
10485 8260 119
3475 2777 169
11549 14818 195
9165 7244 131
14652 11741 453
3101 7244 374
10741 117 25
14824 12588 465
13689 14818 195
12315 2710 150
11977 2406 205
2033 14495 121
10437 8260 119
11850 11496 465
8938 432 465
2353 9933 465
7344 4144 175
12994 14818 195
10170 8188 205
9574 13298 59
1470 423 205
3735 6800 175
10810 14370 24
10432 11309 43
281 8944 465
1164 11873 424
13344 14495 121
1683 11478 24
9641 6224 361
2644 9933 465
2644 6800 175
2179 14686 465
12838 8260 119
10721 14818 195
7054 12686 24
14057 310 148
3179 4144 175
1060 3032 148
9465 1654 103
10705 14818 195
7065 5732 24
3535 1746 95
9624 6224 361
9822 6224 361
12504 3753 170
2498 5373 79
6483 5373 147
11515 5732 24
3899 11628 424
14293 11496 465
13672 14818 195
10562 2454 475
14017 3092 72
13744 6603 475
6465 2890 424
1449 11496 465
14378 14370 24
9005 8260 119
7864 2259 131
14794 8260 119
8458 8260 119
226 6800 175
14889 14841 453
9666 310 148
132 7856 325
6165 1081 24
7534 9092 121
12694 6800 175
7127 8306 170
3505 8234 22
6152 10729 360
7099 11309 172
9278 8297 246
12530 11496 465
14240 9974 246
14476 11496 465
10919 310 148
12346 14818 195
890 6891 208
1435 11496 116
2742 11660 284
9989 14818 195
10213 11496 465
13435 5984 66
8086 6800 175
11363 6800 175
142 2777 169
14053 5418 24
5759 11496 116
13382 11309 43
13319 11309 438
3013 3092 72
7361 14818 195
6493 6800 175
12234 10172 103
13395 11309 43
8430 4901 241
1669 11309 438
14289 8395 195
14714 8260 119
5109 6800 175
8177 11628 424
9208 1475 321
9743 8260 119
1214 11496 465
5879 5329 103
8840 5373 147
11084 4144 175
652 3453 95
13853 9933 465
4757 11309 43
10185 13215 73
7536 11496 465
11287 11628 424
12115 6224 361
4618 11309 438
4815 11496 465
14065 11309 43
9475 8462 284
9909 3092 72
2376 194 207
5644 6800 175
14779 3092 72
1965 12141 170
2641 4144 175
7432 14818 195
14641 8395 195
11667 268 393
6548 8260 119
14810 11496 429
4061 732 251
2131 11741 207
6618 14818 195
6675 10659 66
3060 8188 205
9106 14818 195
3607 4587 24
4697 11741 208
12639 7244 131
11959 11496 465
2232 2777 169
12719 4144 175
10774 13369 284
2006 14723 400
2104 14818 195
9082 14818 195
10891 4144 175
7344 2402 131
2099 14818 195
3265 14370 24
9238 6065 475
4217 11951 188
2518 6800 175
10626 4804 170
1270 3092 72
12901 3629 205
12219 8260 119
8769 8191 465
8768 5902 475
4596 11656 284
7938 11309 43
10314 8260 119
13101 2890 424
4157 10207 193
12681 6800 175
4548 6800 175
8178 11309 43
13076 10838 483
12924 11496 465
10078 9178 170
12130 11309 438
3459 7244 374
9257 7244 374
10611 7244 131
1868 3959 207
4780 2979 319
3697 11496 465
3945 310 148
8573 8260 119
8898 12386 193
12822 7244 131
4048 8161 95
4819 11484 284
13241 6224 361
13608 9933 465
928 8260 119
9052 4144 175
5540 14818 195
5684 14818 195
6141 2890 424
6492 3092 72
2295 6465 170
12488 14818 195
3061 12280 170
5230 7996 169
14588 9933 465
1107 7628 284
10456 14818 195
6565 10207 193
5161 8260 119
1213 3267 95
6373 5469 452
2824 12659 87
14660 8944 465
9365 6800 175
1595 6800 175
11593 10698 169
6917 3206 59
13982 11496 465
3346 8188 205
13781 2855 441
14168 6800 175
10275 11496 465
12234 8191 465
13413 14818 195
14385 11496 465
3860 6800 175
3180 14818 195
10481 8260 119
8960 11852 207
6734 8260 119
1647 1450 66
4545 11309 438
11827 11309 43
4608 6963 24
11492 14818 195
9916 7992 59
9916 7486 325
2968 8165 205
13788 11477 208
10283 11309 438
8102 8260 119
5521 11496 116
6858 13685 205
8750 2890 424
2249 5469 452
2875 3092 72
13293 6224 361
507 11309 43
7668 3123 170
1372 5510 150
3777 8395 195
13549 11051 325
3980 11309 349
1268 5111 465
8860 11496 465
13740 10207 193
4751 11309 43
161 11309 349
3835 2834 103
11272 8260 119
5797 8260 119
2951 9178 208
11366 8191 116
13021 1521 205
11913 11071 346
12680 14818 195
9438 8260 119
7522 11628 424
13349 14370 24
3054 11741 103
5579 4144 175
10827 4144 175
10581 3092 72
289 11496 465
4389 11496 465
9792 5266 246
10598 8395 195
3715 8260 119
4713 5902 475
9675 11309 349
12262 5373 79
3780 7244 374
875 10813 284
13378 2235 148
13507 14393 354
5507 11496 465
13508 11309 43
5389 2890 424
14888 11309 43
6783 11309 438
13406 11309 438
8689 7244 131
1875 384 205
7926 8260 119
10356 14818 195
4851 3502 170
2179 4144 175
14124 9933 465
14124 14818 195
2576 13143 465
11281 8944 465
12051 8234 22
9695 14818 195
9158 8260 119
2865 3092 72
241 6800 175
7629 8395 195
1622 11496 465
5835 3925 207
9375 3925 103
3462 9933 103
14857 8260 119
8220 12141 207
2820 3092 72
1664 13143 465
13769 7975 319
10023 5738 24
3342 6800 175
7531 2477 479
14378 14818 195
2299 12221 251
11553 5047 346
6714 14818 195
14607 13578 453
4075 8260 119
12457 1478 170
1996 14315 170
10153 8260 119
1582 4144 175
8484 10433 246
2821 9933 465
10808 268 393
3508 11235 207
12268 6800 175
11590 11496 465
3800 8260 119
12855 6800 175
5437 4564 360
9433 3032 148
4108 6800 175
14799 6800 175
9278 11309 43
716 6800 175
8795 14818 195
1904 14818 195
5588 8260 119
2759 11309 438
13798 3092 72
424 5373 79
11337 12730 205
5745 6721 292
406 3092 72
4183 2535 205
4162 14818 195
2724 3763 284
6371 14818 195
2431 11309 438
8764 5047 346
14333 7988 311
13233 6800 175
835 2421 207
14273 8260 119
2189 6800 175
65 8260 119
3423 8603 66
10166 3504 72
895 11496 465
736 14818 195
6070 11309 349
14452 13215 73
7302 11496 465
12569 8260 119
541 4564 360
11320 8234 22
7169 2314 24
1867 10990 321
12912 4412 66
5702 11792 275
9037 2890 424
4855 5373 79
12883 6800 175
7656 11309 43
13586 11496 465
12760 8260 119
7901 11496 465
7103 5266 246
7230 2777 169
12971 14818 195
10051 5469 452
4414 4547 131
7865 11741 208
2465 8260 119
3761 9192 95
814 8260 119
7536 6739 131
7157 14370 24
1040 14723 400
11761 6224 361
6871 14818 195
11299 4860 170
11684 12505 131
4233 3593 169
13511 3092 72
2165 8260 119
7289 474 24
850 5848 24
5263 11496 465
13819 4019 424
9449 8260 119
12263 3453 95
10690 6800 175
8906 11235 311
13335 13143 308
11747 14818 195
10109 8260 119
9409 13497 150
9754 5469 452
4174 14818 195
8639 11309 438
10988 310 148
12004 11741 311
5585 8260 119
13009 8395 195
5069 14818 195
8738 6224 361
12664 8260 119
12718 6800 175
13966 11708 205
9313 5237 205
1056 1913 246
10797 10797 483
13704 11496 465
188 6800 175
1750 14818 195
6432 8260 119
4826 14495 121
9529 11496 470
6736 3092 72
1218 196 246
14808 11792 275
8900 2890 424
1425 2756 22
11131 8260 119
9739 11496 465
14505 8260 119
7502 8260 119
1264 2890 424
13920 6224 361
8488 11496 465
7514 11309 438
11620 6800 175
4328 11873 424
13534 11741 170
11479 5902 475
2070 660 424
3958 6800 175
2836 11741 207
825 2890 424
3572 5978 66
5346 12588 465
5978 6955 188
7046 6800 175
177 12811 246
2687 4710 66
10913 6224 361
240 3092 72
3274 11309 43
11770 10193 27
6143 14818 195
5483 6800 175
251 4144 175
4336 4445 170
1893 10140 434
9305 5373 79
4150 11309 43
4196 13143 116
6677 11496 465
12232 13143 217
10890 790 284
1278 8260 119
4446 8998 475
8064 2681 463
6298 11496 465
14001 432 465
14001 11071 346
12157 14654 150
8383 14723 400
10641 5373 79
13745 268 393
5045 8458 170
11475 8260 119
11328 8260 119
13341 8260 119
11855 13143 217
4441 11309 438
808 4007 170
4891 11496 170
13290 6651 207
13842 8260 119
2658 9178 311
13951 3833 205
11285 6224 361
3875 11628 424
3176 7244 131
1321 4163 393
4918 4730 241
8468 573 275
3507 9178 103
13050 6224 361
11777 4144 175
12634 11309 43
12634 8260 119
12440 7244 131
7854 526 170
2714 10698 169
1146 3092 72
6710 3090 170
7780 8441 246
4493 8260 119
4127 12666 150
12029 5871 287
8531 11309 349
2790 13143 217
5893 8462 284
3401 13858 188
14732 12588 465
7921 4144 175
6466 11309 349
13152 14818 195
11538 8260 119
11407 423 205
7621 11496 465
14771 6800 175
6311 6224 361
2683 8395 195
13266 14723 400
8230 11478 24
1200 6800 175
14606 5373 147
6438 11309 438
11890 9933 465
13990 11496 465
3282 13858 188
10371 12194 205
9570 7244 131
8917 11496 465
13856 3797 424
6271 8260 119
9646 14818 195
8985 11496 465
12866 11628 424
13762 8234 22
10978 6140 207
9826 6800 175
11058 5120 465
11642 14723 400
7910 6800 175
8944 14723 400
9157 14818 195
526 6224 361
9275 6800 175
12128 14818 195
12819 11741 170
10736 4007 170
8411 11263 321
5698 7244 374
2753 11496 465
9409 3092 72
9754 14723 400
11850 13506 131
2317 8603 66
2132 11496 465
9260 3468 103
11324 14370 24
4102 13571 156
10308 6224 361
7665 13013 465
14570 12972 170
7523 1389 246
3499 8260 119
6243 11309 172
6875 8260 119
10125 8458 170
7003 11504 170
14540 11309 349
12216 7521 208
14848 6800 175
12732 4644 319
1754 11309 438
10590 3092 72
6803 8165 205
8889 12386 193
12833 1622 246
8442 11873 424
13687 9092 121
14813 3092 72
7870 8836 205
8597 8234 22
10105 8395 195
3868 3092 72
5386 5065 207
12540 4144 175
3947 11309 349
13145 6509 246
9587 10761 205
11894 13369 95
12456 11496 465
9305 7231 207
2665 7691 66
6453 6800 175
10834 3092 72
194 6224 361
10174 8155 311
13764 3092 72
3616 8395 195
10560 11496 465
5593 12250 59
7643 11873 424
11640 14818 195
8695 3092 72
3644 11478 24
12835 6800 175
14001 2052 131
6193 8260 119
6034 8260 119
13815 8767 465
13435 3092 72
1183 8390 170
11323 7486 59
7607 12659 87
13982 14818 195
5356 2499 424
8879 12862 148
12121 8260 119
10711 6224 361
4218 7115 259
14816 3181 453
10874 9946 246
1219 13143 465
2696 14818 195
13119 1622 246
2151 14174 246
11127 6224 361
9829 11496 465
6635 9866 284
11492 6800 175
6957 14818 195
9523 11500 207
8745 5902 475
2989 12464 169
14126 10698 169
14126 2801 311
6289 8260 119
4132 6800 175
11291 8260 119
13152 7244 131
2054 3337 170
2827 8260 119
1047 11496 465
8923 11496 465
6780 13011 284
8588 6224 361
4822 12386 193
11397 14818 195
13410 13685 205
4726 11741 311
13128 2657 95
772 10041 292
12572 8260 119
10064 3504 72
7831 1746 95
14107 11496 116
2238 3925 103
3856 6800 175
9575 12250 192
1225 1491 170
2613 10567 246
14721 2402 131
3054 8260 119
6391 3267 95
9515 8395 195
1458 2756 22
13511 11166 95
7776 9295 284
472 2890 424
1681 10451 169
14459 13143 465
5142 14370 24
5569 4413 59
7076 6800 175
2468 4665 170
6484 5902 475
5349 711 24
13513 8260 119
9901 7173 453
7348 14772 24
5621 268 393
8982 14818 195
7025 14818 195
856 6800 175
13036 14723 400
429 8260 119
6960 8260 119
6558 8234 22
11250 8260 119
9408 9178 311
9874 3206 59
5891 11496 465
14829 660 424
4878 11628 424
12895 3092 72
3020 7244 131
3266 9938 360
9714 6220 170
7535 8260 119
5494 8944 354
4394 11496 465
9822 11309 349
2120 439 170
2372 12659 87
1245 6972 453
6705 2890 424
14850 12341 284
4397 11235 207
14736 11496 465
9923 4144 175
13761 11496 465
1502 5319 205
7869 5270 251
10263 7244 374
1449 1081 24
4582 310 148
14029 4776 284
72 13134 156
2295 8260 119
10299 6739 131
1666 6224 361
13557 8 246
12913 3267 95
6253 3028 251
14588 14402 292
10151 6800 175
3611 2801 311
8443 4144 175
7069 11496 465
11605 14818 195
1278 11309 43
14819 310 148
11412 11496 465
3803 9933 465
8096 11873 424
13044 11496 465
2527 8260 119
10784 7244 131
11875 3136 465
8776 14818 195
1580 12250 59
12436 5925 246
3230 11496 470
7905 7486 59
14839 11496 465
1197 3206 59
4339 11309 349
10550 372 234
7302 6800 175
10377 2890 424
7426 3092 72
10860 5065 170
774 14105 170
9245 10698 169
12501 14818 195
12295 3092 72
13836 8260 119
6702 3092 72
652 13685 205
9979 12824 483
12687 12659 87
10894 11496 465
306 11309 43
1318 8260 119
10621 5732 24
14422 9006 465
4103 5469 452
2919 14818 195
4270 7244 131
10045 14495 121
772 11496 465
3102 11496 465
4070 4956 22
14164 11496 465
4603 14818 195
14882 13879 246
13207 3092 72
12410 2890 424
10095 6800 175
2265 11496 465
11122 7244 131
11796 10698 169
9646 6800 175
2204 8260 119
7853 8260 119
7759 8260 119
763 12659 87
3475 8260 119
67 4144 175
1500 11309 43
1482 6224 361
3270 13745 465
6341 1478 170
12779 6800 175
11496 660 424
10179 14495 121
5425 8260 119
2948 3092 72
5052 8260 119
12025 14818 195
5904 11309 43
7307 597 246
7411 8458 170
4643 14493 319
1391 8944 465
9901 4587 24
7400 14688 95
12726 6224 361
2713 14565 95
2541 11496 465
3184 13281 66
10626 10088 207
13953 11496 465
4694 8260 119
13020 2314 24
8894 8260 119
5586 8260 119
6351 11309 438
9251 8358 292
8284 11309 438
5016 6800 175
5332 4144 175
4138 11309 43
2615 14818 195
9185 6800 175
7054 11496 465
11144 11478 24
8635 14495 121
9528 3571 205
14216 11562 95
3480 12659 87
13895 11309 43
14381 6800 175
2120 4144 175
9481 6843 95
8492 11496 465
4207 6800 175
6124 14327 24
1571 3967 479
10508 6800 175
4684 11496 465
13403 11810 170
9303 11496 465
11769 11496 465
10322 3092 72
14003 8260 119
841 11208 284
8290 1051 103
3472 11496 465
2877 11309 43
14082 14818 195
8233 4547 131
14367 11309 43
13279 11496 465
5639 14818 195
1466 14370 24
6019 3663 95
4858 2890 424
12080 6800 175
391 8260 119
11029 11309 43
11198 14818 195
1506 14818 195
12890 6800 175
7099 8260 119
491 6800 175
9572 5902 475
1731 6800 175
13277 2284 66
14458 6800 175
1595 11496 465
4411 8234 22
8289 4144 175
9566 7359 103
2186 8260 119
13963 3925 207
4225 8260 119
6965 13143 465
11128 10698 169
11778 11477 170
8286 11496 470
12147 2235 148
9142 662 59
12548 8260 119
9914 11309 43
13951 11309 43
14132 8395 195
2863 11309 438
5051 11496 465
2320 8260 119
1235 12078 131
13652 11496 465
6571 8260 119
10825 6800 175
1933 8260 119
9523 8260 119
48 6224 361
9258 6800 175
12615 5732 24
5767 3067 284
1758 11741 311
6899 9092 121
3117 6245 463
12213 8802 207
14665 11309 438
12297 11741 325
8640 12787 246
3983 9406 424
1960 1475 321
10724 14723 400
5120 1722 77
5756 8260 119
938 2777 169
4489 11309 438
9674 1259 251
13524 6800 175
8027 11309 438
11586 8260 119
143 2630 284
10750 8191 465
7095 310 148
8074 310 148
1611 6800 175
2806 6224 361
4692 11496 465
5460 11741 170
8850 11309 438
7992 8260 119
9843 14818 195
929 14495 121
11079 11309 349
11580 14393 470
8335 8260 119
7409 12811 246
5429 3092 72
1975 8260 119
10498 8260 119
9329 8988 95
9372 14818 195
10681 7600 287
8988 6800 175
5569 2777 169
3715 3593 169
4124 3599 321
14423 11496 465
8981 7244 403
5118 6224 361
14635 6800 175
10722 13763 465
5955 3092 72
9182 6800 175
11864 11496 75
13035 10468 150
1141 6800 175
4637 10451 169
7567 11496 465
7122 8260 119
14559 6800 175
6091 6800 175
7896 14818 195
9206 14818 195
13365 6800 175
9605 12487 131
4458 14818 195
3461 8260 119
3373 11309 43
992 6843 284
1657 11496 465
13057 13996 170
12334 8395 195
10671 1179 311
6558 11309 43
10721 9933 465
12807 1123 311
4581 1051 103
1475 8260 119
10078 8260 119
8246 14199 170
9714 14370 24
2627 14818 195
2396 8395 195
11976 8260 119
3693 6800 175
7912 6027 246
12522 14351 170
11487 9406 424
6166 2402 77
5737 10207 193
12796 6800 175
7632 14818 195
6552 11477 170
2836 6800 175
11503 2890 424
1981 11141 66
3572 8260 119
10077 14818 195
14477 8377 156
4276 6800 175
1619 8260 119
8763 8260 119
730 11496 465
10656 14370 24
10703 3092 72
11985 2777 169
12750 423 205
205 6065 475
1951 4144 175
8454 14818 195
4029 4029 308
1676 9933 465
8382 5066 205
6816 8944 465
1492 3092 72
5856 14723 400
5413 11309 43
1486 9406 424
8166 14818 195
8508 8260 119
4351 12505 131
8853 6800 175
11469 8260 119
5393 8944 116
5960 7521 208
12917 14801 360
3231 8802 207
6527 6891 208
6100 11341 453
9399 268 393
14526 4144 175
3533 2599 205
14268 14818 195
339 8260 119
10143 13348 103
14086 8260 119
1020 4144 175
1197 6468 475
7630 1622 246
1910 9938 360
14352 6800 175
7291 2314 24
6734 14818 195
962 14818 195
6546 6685 170
2882 6843 284
13713 660 424
9442 7244 77
10449 11496 465
3783 12077 360
11485 8395 195
7727 14818 195
8225 5000 131
6728 3878 251
8520 3735 234
4154 14818 195
8925 14818 195
7656 10819 360
12048 11496 465
10956 8260 119
3045 11496 465
1252 14818 195
4972 14818 195
3679 11790 205
3512 6224 361
2304 13143 465
8760 13571 156
7489 9341 465
13910 6800 175
9436 11496 465
13619 11496 465
7277 3670 170
803 11496 465
6605 6800 175
14564 268 393
1228 7244 403
13671 6800 175
1028 11024 77
13056 8260 119
10371 1746 95
9905 6955 188
12943 3092 72
1108 2956 246
12207 11309 43
14636 3629 205
7563 11309 349
5579 11496 465
4003 2890 424
1339 8260 119
7418 7244 131
6990 3024 319
8163 5510 150
704 3092 72
5172 6800 175
2481 8260 119
13216 4637 319
8772 8191 465
11103 14818 195
214 8260 119
4498 11496 465
12629 12464 169
10040 5469 452
5319 2379 325
12128 7244 131
4476 11496 465
10580 14818 195
10599 7602 434
1084 7555 284
3025 8395 195
5225 14818 195
1894 1487 292
8388 11309 43
3299 6024 292
5195 3092 72
11639 6800 175
220 11873 424
10506 14818 195
3867 11309 43
5706 8998 475
9642 14818 195
5328 8802 170
13924 11309 43
11415 1742 284
10479 5111 465
7160 12740 465
4195 8693 246
4355 8260 119
10921 8305 207
13080 6800 175
13544 2890 424
5705 8260 119
12698 6224 361
6812 11496 465
4207 8260 119
14145 9933 465
9557 8260 119
12139 10838 483
4527 3092 72
6895 2235 148
11732 11309 349
125 6800 175
11914 11496 465
872 6800 175
8184 9933 465
2944 2777 169
7783 11496 465
1787 11496 465
13182 6800 175
13241 660 424
5615 8458 170
3885 1999 246
80 8260 119
10452 4144 175
4776 7244 131
3928 5373 147
14342 11496 465
12635 340 234
2591 14818 195
6293 2890 424
11940 6800 175
12024 11873 424
5193 7244 374
1616 11496 465
2303 310 148
10502 8260 119
5857 12659 87
190 3190 59
3626 310 148
5246 8260 119
196 11496 465
12225 6800 175
10571 2777 169
128 14352 241
14704 2235 148
2724 12899 205
13804 2801 311
4702 5047 346
12738 13565 465
6974 6468 475
11764 3925 207
11316 11790 205
1753 11496 465
75 11309 438
7999 6800 175
13540 5583 325
5943 14818 195
3613 8260 119
14241 10207 193
8528 1991 207
6701 3092 72
1156 14723 400
1498 14386 170
7984 268 393
1423 11309 349
610 14818 195
8974 3092 72
1103 8395 195
1511 11496 465
3576 11309 349
7399 4144 175
3547 11496 465
14406 6800 175
9994 195 284
12245 3092 72
9105 9933 465
12074 9933 465
7901 10712 24
6279 4572 465
2601 11741 170
12541 10596 246
8760 13544 170
5120 3685 77
26 13143 465
13447 5469 452
12684 3925 207
8787 11496 465
6206 8260 119
1855 8458 170
4070 3092 72
1611 6989 170
1974 11496 465
13727 14818 195
3531 11246 208
11150 13143 217
6216 14818 195
4529 9114 453
11565 5418 24
14636 12864 246
13349 14686 465
7563 8260 119
7597 4858 59
14698 8755 205
3586 8260 119
6114 6800 175
14753 11309 43
11039 4587 24
8724 2890 424
1371 11496 465
8834 9266 66
2310 11725 170
961 3925 170
13670 11496 465
3587 8260 119
11978 4919 275
10040 14723 400
1814 4144 175
9816 12659 87
3128 8909 434
14638 7244 131
12035 6473 66
8388 3092 72
7083 8260 119
6502 5047 346
8262 14818 195
6509 13436 207
5069 8395 195
14796 3092 72
13673 14818 195
5451 4954 103
7546 6800 175
8529 2890 424
3283 11309 438
6617 14686 465
9584 8260 119
7820 4144 175
6558 8108 205
10384 4144 175
7945 6800 175
4755 11309 43
11892 6224 361
7925 11309 43
14798 5784 43
1290 11496 465
9296 790 284
12308 11496 465
6831 14818 195
12307 8819 292
14845 14818 195
1306 6662 207
10851 11309 43
2145 6224 361
5378 2835 150
11153 6800 175
2819 6800 175
4741 6739 131
1105 8260 119
8901 11496 465
3969 14063 170
9805 310 148
10725 12369 95
7812 11985 319
8568 6845 95
382 6800 175
7804 11309 43
10576 6224 361
7009 6800 175
3147 6800 175
6152 14663 360
9281 6800 175
498 11628 424
6970 8458 170
7220 6800 175
313 8260 119
86 3593 169
8795 1485 453
6988 6800 175
7221 12864 246
13157 1081 24
13946 1904 241
12937 11309 438
9104 11496 465
2305 3092 72
3210 7244 131
10571 3593 169
4988 8260 119
4681 1081 24
6527 3092 72
13874 11496 465
14100 12492 95
14100 3092 72
12914 3092 72
865 11741 170
12206 11309 438
10888 8260 119
4800 2906 170
10766 4144 175
11997 7268 311
9117 6800 175
13031 11309 43
8071 8260 119
3230 6224 361
6761 7244 131
6439 8260 119
2993 6800 175
871 11741 170
1701 6800 175
460 14723 400
13491 5047 346
407 6603 475
10813 11496 465
3324 7115 259
8578 11309 43
8631 6294 319
14472 14315 170
6658 11860 170
11091 8395 195
11712 11309 43
14675 3878 251
8637 10698 169
9201 11496 465
3401 8458 170
8582 8260 119
4479 8260 119
3386 8260 119
12223 8395 195
1382 11309 43
2493 8395 195
3826 5237 205
12278 11873 424
12846 11496 465
10011 9933 465
9595 8260 119
9274 14818 195
3282 578 453
11122 6800 175
9048 10813 284
13068 9732 148
12355 12250 59
8479 5732 24
10430 10451 169
5128 8260 119
10408 8260 119
683 12767 246
3490 1236 207
5345 9178 103
13857 6468 475
6548 12386 193
6000 11496 465
14849 11496 116
2948 12369 95
13707 11309 349
2033 9092 121
4844 6800 175
9325 5266 246
7442 14818 195
14028 9933 465
7615 8260 119
4217 14818 195
14330 6800 175
4869 8260 119
13365 11496 465
14000 6800 175
8466 3092 72
1683 11309 438
4899 14723 400
12910 4144 175
13274 8944 429
5903 11496 465
1292 14370 24
1645 11309 43
3565 12588 470
5544 11741 311
13722 3092 72
255 8458 170
10296 6800 175
3786 14818 195
3285 11309 25
3360 8260 119
1724 7244 77
11598 3732 246
4496 14818 195
7205 6800 175
13902 11496 465
8690 9933 465
4717 4144 175
12675 6800 175
4732 3092 72
11232 11309 43
9095 5373 79
14784 10451 169
341 11235 207
12852 13099 246
11087 7244 131
9314 11309 438
5653 8998 475
12005 3362 59
8243 11496 465
11037 6800 175
173 4144 175
7119 11309 349
2047 11496 465
9382 11496 116
1492 8755 205
8240 11496 465
11198 6465 170
12694 2402 131
3035 14818 195
540 3711 73
5090 1539 24
3580 11309 349
1484 9933 465
14240 11309 43
780 12824 483
7757 6800 175
3509 11309 43
974 14852 246
12427 5732 24
6917 6468 475
1002 8877 207
8080 13763 465
2436 6800 175
5557 11309 349
6923 883 465
8247 11309 43
809 8260 119
4836 14818 195
3227 11309 43
8223 14723 400
10986 14442 246
9006 268 393
5728 11288 95
11420 8944 465
5137 6800 175
6761 1475 321
11471 7231 103
8085 11309 43
9776 7244 131
9178 2499 424
7291 9933 465
13771 7244 374
2261 6800 175
11320 3092 72
5440 488 205
6635 9866 95
8745 11309 43
4472 8260 119
6880 11208 284
811 9933 465
14789 14818 195
9880 6224 361
13681 13143 465
12618 14063 311
5941 3092 72
7425 10813 284
1542 11496 465
3679 11309 43
13571 5373 147
11352 1539 24
1846 392 170
4989 432 465
11010 5510 150
11627 7996 169
1977 12787 246
3102 4027 170
9775 5469 452
8390 12250 192
10866 6224 361
2023 5000 131
2600 14327 24
12355 8260 119
3674 11309 438
3586 6800 175
8664 2402 77
7561 4004 360
4656 11496 465
5262 3925 207
10401 6800 175
9312 6800 175
4393 9933 465
8411 4144 175
10521 6141 103
1420 660 424
14009 14818 195
5621 14723 400
563 6800 175
5288 11496 465
7170 3504 72
5800 6800 175
13251 6096 292
3184 11309 43
4221 14310 150
7134 8260 119
2449 6224 361
137 6800 175
12570 6800 175
11088 6194 246
4153 11496 465
11282 10451 169
255 14370 24
594 2682 205
873 10989 66
10925 4787 311
6690 3065 465
10488 5526 246
14120 6800 175
5091 3240 284
1115 8260 119
14115 5732 24
2871 8677 170
8690 9178 103
11090 1208 465
934 6800 175
84 11309 43
14817 11496 465
10556 8260 119
3262 8260 119
14503 3267 95
1688 7615 311
726 6800 175
5625 8191 465
6095 6027 246
2155 2777 169
4185 3092 72
4474 11496 465
1999 6800 175
10221 11496 465
11219 6800 175
5962 3092 72
9772 8260 119
8382 2371 246
2172 14393 465
6031 3092 72
10302 8260 119
8815 11496 465
7478 14818 195
10540 4587 24
9811 9425 170
2636 14818 195
11326 3092 72
8195 6439 170
6004 8260 119
7120 3092 72
5695 14723 400
6704 4144 175
7037 11496 465
3621 6800 175
14021 14818 195
2530 11496 465
3598 8260 119
8044 13143 116
24 14818 195
8219 3037 246
4594 11638 103
13781 14818 195
4800 14818 195
1054 11842 311
1968 1110 483
4058 3925 207
13319 14370 24
3592 6800 175
12574 10399 170
13046 6800 175
5479 14818 195
10297 11468 319
3407 8998 475
621 310 148
8006 2890 424
7984 14723 400
2289 9200 360
11078 11309 43
8423 711 24
494 7244 131
6880 11309 43
4592 5469 452
1079 11309 154
3014 3609 95
6682 1426 360
5864 6800 175
13501 6800 175
897 6800 175
7710 3925 170
3455 6800 175
12618 1654 311
6464 5266 246
87 10094 95
11082 10040 470
152 5649 259
7673 12824 483
14400 11496 116
6683 2575 465
4414 5418 24
14875 8260 119
2074 11583 275
10288 14772 24
10357 11309 438
13128 3092 72
1331 11309 43
5037 8260 119
13658 14818 195
6017 11246 208
1658 5168 207
6605 11496 465
8037 5469 452
3022 11309 43
4004 6800 175
11356 6800 175
11356 14818 195
9826 8260 119
9515 14818 195
100 3092 72
6114 11496 465
10693 3092 72
5172 14818 195
6615 4718 246
11400 13317 251
7289 5329 453
3922 6357 95
8308 6023 150
13504 8260 119
6853 2801 325
14862 12659 87
14765 11309 349
3063 12590 284
8602 7244 374
10026 6224 361
3918 11496 116
11570 14370 24
5286 14723 400
1249 3267 95
129 6800 175
14499 14818 195
10370 6800 175
9642 6800 175
3264 6224 361
14117 9904 205
8129 8260 119
13886 10574 393
6644 2542 170
14740 8260 119
1920 8260 119
2441 2890 424
13434 3092 72
1291 6800 175
10770 6800 175
2680 8767 465
7105 3629 205
13810 11309 349
13567 3092 72
9446 11635 170
11801 9933 465
2692 11496 465
5591 6224 361
2347 13369 284
11515 8395 195
7554 14370 24
11914 3925 207
13075 1746 95
116 11309 43
868 8260 119
6951 5418 24
4740 6800 175
13279 8395 195
8794 8305 207
14813 11309 43
14473 11496 465
7299 13996 170
904 12588 465
7864 14772 24
2981 9387 275
3274 4564 360
12108 11309 43
13926 11656 95
8305 660 424
11029 3092 72
9071 11496 116
12769 3092 72
4756 14818 195
2620 11496 116
5075 488 319
9721 13143 308
2495 6800 175
8100 11309 438
7365 5469 452
6047 14370 24
2763 11309 43
5004 2235 148
4060 520 103
2058 6800 175
6382 11790 205
14694 11496 465
3850 8191 465
10411 10451 169
14585 3092 72
3482 10699 465
7377 5373 79
7982 10838 259
11238 2890 424
275 12588 465
2914 11654 463
8706 5469 452
13413 13571 156
11065 11583 275
14170 8260 119
6205 10698 169
11984 14818 195
2408 8260 119
735 8260 119
9679 5732 24
5185 11496 465
13257 11309 438
7497 8698 59
2206 8207 292
11941 2855 441
7384 11309 43
8578 14634 434
1568 5373 79
138 9933 465
6354 14251 246
12606 5875 241
13720 11496 465
2430 3609 284
13130 8260 119
10374 11860 170
9244 7244 403
2143 11496 465
1830 8260 119
1846 4027 453
10589 11628 424
4289 12659 87
6964 14818 195
9689 4144 175
12864 6800 175
7029 11496 465
8054 1475 321
12450 2227 479
4367 14370 24
4069 7244 374
8628 2890 424
1965 6800 175
7432 6800 175
1366 8260 119
13661 11790 205
2481 11496 465
9372 4144 175
4061 11309 43
2618 8260 119
4656 8260 119
13576 14818 195
4305 474 24
6939 8260 119
4124 14818 195
8981 9933 465
3316 2756 22
1273 11496 465
1928 13801 207
14261 7996 169
11730 13143 217
4861 11096 95
9901 5264 429
6607 6800 175
1644 3092 72
13030 711 24
2036 9192 95
7615 9406 424
9670 11496 116
8466 5902 475
13843 6800 175
180 11496 465
12583 3092 72
261 14315 103
2740 6800 175
10303 14818 195
9162 1622 246
4743 8260 119
1574 6224 361
255 11496 465
4091 8260 119
12342 6739 131
9241 6224 361
1039 2890 424
615 9858 170
2427 11656 284
3535 3092 72
596 6800 175
12653 3092 72
10155 11562 95
3462 8260 119
3908 14818 195
13567 3127 205
13567 4718 246
5002 13675 170
4294 14818 195
6315 12824 483
3267 5373 79
9440 14818 195
13075 11309 43
4879 11496 465
14411 8260 119
8233 5418 24
11480 474 24
5844 2777 169
8875 13708 424
8203 7244 403
13608 6024 292
8043 3092 72
10763 4144 175
9981 11496 465
12605 6800 175
6446 6800 175
1088 14818 195
564 11309 43
7237 12659 87
13282 12655 170
11175 14818 195
4683 6800 175
5149 11309 43
6333 11309 43
1195 7244 131
11026 14818 195
5393 11496 116
7200 9178 103
9976 14686 470
5045 8260 119
3277 14818 195
4953 11628 424
13525 11496 465
3970 6800 175
3720 4467 246
8668 5738 24
12514 6800 175
9291 8260 119
13233 14818 195
5759 5373 147
11240 7976 287
4696 9749 170
9867 8755 205
14546 3092 72
6701 3755 234
2320 4144 175
12982 8260 119
6086 8260 119
12129 14315 325
8552 268 393
10261 11024 131
2029 14393 465
8631 11478 24
2293 6323 246
742 6800 175
14800 3609 95
3894 11496 465
3014 11309 43
14442 3925 170
11870 9612 169
10183 6357 284
14372 7301 465
9556 3136 465
4042 3976 311
7656 11708 205
11267 13685 205
3841 2499 424
13651 2890 424
9929 6800 175
1565 11496 465
2601 11496 465
10589 11309 349
1780 13224 284
9689 8944 465
2055 14818 195
12671 11496 465
13615 615 241
9671 11208 284
4259 12659 87
14309 11496 465
9667 3092 72
4751 13741 360
5150 6800 175
3710 7734 275
2023 711 24
8232 14818 195
6368 1654 311
11636 10277 284
7530 4144 175
11819 11496 465
6467 12464 169
8239 8260 119
2048 14818 195
2245 660 424
214 2890 424
4701 6800 175
14218 14818 195
5904 13494 150
11589 11496 116
3120 11496 465
1363 11496 465
11710 14723 400
7825 14723 400
6091 6739 131
14763 14370 24
12317 8260 119
527 13143 465
9101 605 292
11571 1246 246
1317 8223 354
2316 4144 175
14379 2268 205
3259 14818 195
12259 14818 195
9300 6800 175
1251 7996 169
6973 11 319
10795 8260 119
11442 13565 465
4871 3888 453
10335 6457 374
4849 8231 95
3692 8395 195
10590 5051 66
13260 5592 246
13672 4144 175
12190 8260 119
6113 11309 43
13112 3390 170
2998 9885 429
10037 384 205
5599 11496 465
13117 11708 205
482 13642 103
344 14818 195
1077 13338 156
4734 3670 325
10822 8260 119
661 8260 119
14429 11496 465
14058 6800 175
9015 7244 374
11219 6373 465
12946 3092 72
8653 12250 59
13070 11496 465
3807 8380 251
10769 4863 148
1516 13143 465
6708 11309 349
10540 13578 453
5437 11309 43
3048 8260 119
6922 12588 465
1897 5047 346
12573 13745 465
13782 9256 241
8496 6800 175
12752 2890 424
8024 8901 284
13870 14818 195
2329 13769 66
5013 8395 195
12369 5732 24
9411 2890 424
2517 5047 346
7975 14495 121
14168 11496 465
5640 11496 465
8191 5784 154
7016 711 24
14718 7244 131
895 11741 207
3659 6800 175
13318 14818 195
5785 12141 170
12951 8260 119
10907 7244 131
9987 4547 131
8727 6800 175
8745 3092 72
14206 8260 119
9571 14818 195
1145 13962 287
489 8260 119
12606 11309 43
11194 6800 175
2582 3136 465
13354 3711 73
9144 7996 169
4868 11496 75
11974 3092 72
5743 2756 22
14090 8260 119
8202 6800 175
2190 8234 22
12949 9974 246
7873 14818 195
1977 12349 360
8560 310 148
14272 8165 205
4921 8767 465
7536 5329 453
1881 11496 116
10202 8260 119
14602 11496 470
3437 9933 465
11580 8260 119
4768 5373 79
9727 11309 438
7772 2902 170
10280 11051 207
13550 117 43
3597 11496 465
14652 6800 175
778 8260 119
169 8260 119
13254 2601 284
2581 11496 465
11119 2454 475
10609 8552 465
13574 10698 169
6878 11741 170
6862 5047 346
4371 278 207
7348 14723 400
3881 3092 72
7567 5373 79
9262 4144 175
3773 14818 195
1249 14515 284
8417 3092 72
7170 12976 66
12870 8395 195
4782 6224 361
8785 12480 103
4325 8260 119
4034 11496 465
6644 1420 207
11771 9406 424
14078 10728 164
4851 14370 24
14437 11309 43
6274 7244 131
4299 8260 119
14128 11309 43
7543 12588 465
4023 11496 465
1016 8458 311
9155 405 95
2224 11309 43
12589 8260 119
11081 4863 148
6640 8260 119
41 4144 175
615 6800 175
14681 14818 195
2475 13174 275
9296 11309 43
5623 11741 325
7890 8260 119
11884 4787 170
9931 6800 175
6124 14818 195
10772 11309 43
2873 8260 119
4557 11496 465
5117 6224 361
264 8260 119
13078 14818 195
10590 6323 246
10955 3092 72
10124 3092 72
12820 14818 195
14358 12588 465
13610 14663 360
10077 6800 175
12163 2777 169
5862 6224 361
13392 14818 195
4439 14723 400
13262 12186 319
368 11496 465
1824 8260 119
6757 2890 424
4677 13303 246
805 6224 361
2172 7614 103
3631 11496 465
13495 6800 175
9071 5373 147
11698 4547 131
12024 6224 361
10592 7244 374
7732 4144 175
6261 8260 119
11133 11496 465
13460 11346 170
7133 8260 119
8173 11496 465
12083 1200 95
3432 3092 72
3644 11496 465
13281 3925 207
2354 1041 234
2186 6224 361
14056 2111 207
6834 323 169
2860 6224 361
5681 6800 175
1227 11496 465
12655 12588 470
10784 13143 465
1342 268 393
8456 3504 72
914 3092 72
14567 11309 438
12234 10172 170
2440 11309 43
2440 2657 95
2423 3092 72
1541 14818 195
13257 4144 175
11880 11629 453
4932 12487 77
14384 3925 207
2261 11496 465
10860 8944 465
3924 6224 361
48 8260 119
3635 10699 465
12213 12337 170
4952 11496 465
1024 8223 354
14583 8395 195
5212 8260 119
13302 3092 72
8352 8877 311
14200 11309 349
4552 6373 465
8682 5111 465
10372 14370 24
2190 11309 43
3889 3267 95
3761 13685 205
3624 8260 119
12745 11835 75
6763 9204 205
13583 3092 72
7919 6224 361
1560 1110 483
5459 6739 77
6440 8260 119
161 6224 361
11672 11309 349
4603 11309 438
14050 1539 24
11167 11496 465
11366 8260 119
9308 6224 361
9324 2777 169
9405 8260 119
7278 14818 195
12135 13348 59
12133 14818 195
3099 12659 87
1861 6800 175
14084 14818 195
13399 3092 72
3270 13414 453
1276 310 148
4656 14841 453
13040 11792 275
3715 7996 169
304 3225 170
13574 9990 311
8114 14818 195
6484 821 22
5259 3797 424
2104 11496 465
3128 11881 360
6910 8260 119
11874 14818 195
9864 11496 465
3299 14818 195
6455 12250 59
4999 8395 195
1869 13143 465
7292 11496 75
8429 6800 175
7329 9406 424
5338 12659 87
2449 2449 463
8797 11496 465
11266 8260 119
6194 8395 195
11179 3092 72
12478 6224 361
9273 3092 72
8045 4144 175
3779 9732 148
2606 11496 465
13994 6800 175
9650 13143 116
7229 310 148
1606 5047 346
8614 4144 175
12833 10728 164
2836 11496 465
5372 7121 59
13069 14818 195
9680 3092 72
3969 6800 175
6273 14370 24
11310 3024 319
1073 7590 319
329 3092 72
12370 4144 175
10299 2402 131
10649 6800 175
2964 310 148
14141 11496 465
5001 12824 483
5984 6800 175
10075 1848 66
14318 3925 170
6787 11309 43
13869 14723 400
6342 14818 195
7643 6224 361
3290 14058 251
3432 12369 95
10718 7244 131
11942 10699 465
10623 3092 72
3408 3092 72
1177 14818 195
10388 11496 465
11412 14818 195
182 2227 479
12879 4163 59
1687 6800 175
2694 10193 438
9827 2767 465
11972 7745 43
10289 11466 292
9150 3925 170
1474 3925 207
8603 9933 465
14405 5984 66
6481 8968 24
7377 14818 195
14205 384 205
6975 6224 361
13211 11309 43
8765 11496 465
5943 7569 170
2087 6800 175
1878 14818 195
1219 9933 465
14224 3136 465
14221 310 148
2291 11309 43
14760 278 311
2210 4144 175
1718 11741 311
5155 14818 195
9987 12588 465
10813 6800 175
11678 3925 170
5228 11496 465
1271 7323 59
13355 13143 465
5461 8234 22
11860 6224 361
3073 14442 246
12094 3092 72
6892 6800 175
14515 6800 175
14858 14818 195
2601 6800 175
4710 6800 175
8349 310 148
315 13745 465
6206 11496 465
12542 711 24
8125 6800 175
13073 11496 465
13740 8260 119
6948 10838 483
7672 1110 483
8679 8260 119
13417 6224 361
5648 13143 465
696 8260 119
3005 11496 465
6945 11309 438
14652 8395 195
12546 14818 195
14215 4339 463
13254 11708 205
6599 10898 311
5390 11496 465
2801 6224 361
2064 6800 175
13616 2657 95
2807 11309 43
13800 9933 465
3128 1037 234
9267 7976 287
7567 14818 195
10448 11496 465
12870 8944 465
12004 6468 475
4981 12659 87
14078 5902 475
11863 14723 400
9130 12588 465
14408 8398 319
7930 5000 131
2217 14818 195
3959 6224 361
353 5732 24
2802 310 148
1839 8260 119
6822 12730 205
13902 8458 170
5974 11496 465
893 6800 175
12552 7244 374
10322 11309 43
762 6800 175
12447 1703 287
5802 3092 72
12661 7244 374
14754 6065 475
9290 11496 116
3979 10471 325
6174 10112 311
13683 5732 24
6095 3609 284
2934 10088 453
5560 8260 119
14864 14864 483
6760 11309 438
12009 464 170
14786 14818 195
5306 8260 119
2172 11309 438
10699 9406 424
11789 2777 169
10592 11496 116
966 6800 175
9373 10838 259
10075 6023 150
5484 13301 246
9017 660 424
12049 14818 195
1870 11309 349
7397 6800 175
8362 13449 284
3764 11309 349
9851 6800 175
5736 14818 195
5681 7244 131
7286 8260 119
14751 13332 205
3346 3092 72
1287 9855 319
1212 10838 483
6277 6800 175
8895 8234 22
9117 13143 465
6746 13685 205
12340 13544 170
11541 6800 175
11420 4144 175
5347 711 24
2863 14036 170
13572 11943 246
3292 14818 195
2269 6800 175
1357 11309 43
10490 3092 72
9354 3453 95
8551 5047 346
1950 8234 22
14360 6800 175
14497 6592 287
10503 488 205
14472 11496 465
4385 5373 79
2410 8260 119
9505 5237 205
6815 8395 195
8371 4144 175
12971 764 24
4289 7996 169
12421 2777 169
3889 2756 22
7779 8395 195
9755 2756 22
6623 9933 465
7831 2276 66
1003 3267 95
209 7244 131
533 11309 349
295 11309 43
11039 4144 175
3191 618 207
2726 11309 349
724 14818 195
11834 3092 72
8944 268 393
7701 14370 24
13373 6800 175
11124 8260 119
2941 5732 24
562 8395 195
4767 9732 148
10087 11309 43
9239 4007 207
6588 711 24
8584 11024 131
1967 11496 465
9474 4144 175
11846 6800 175
7307 14421 150
6862 6800 175
13575 14818 195
2784 11496 465
